(kicad_pcb (version 20171130) (host pcbnew "(5.0.1-3-g963ef8bb5)")

  (general
    (thickness 1.6)
    (drawings 7)
    (tracks 627)
    (zones 0)
    (modules 125)
    (nets 118)
  )

  (page A4)
  (layers
    (0 F.Cu signal)
    (31 B.Cu signal)
    (32 B.Adhes user)
    (33 F.Adhes user)
    (34 B.Paste user)
    (35 F.Paste user)
    (36 B.SilkS user)
    (37 F.SilkS user)
    (38 B.Mask user)
    (39 F.Mask user)
    (40 Dwgs.User user)
    (41 Cmts.User user)
    (42 Eco1.User user)
    (43 Eco2.User user)
    (44 Edge.Cuts user)
    (45 Margin user)
    (46 B.CrtYd user)
    (47 F.CrtYd user)
    (48 B.Fab user)
    (49 F.Fab user hide)
  )

  (setup
    (last_trace_width 0.25)
    (user_trace_width 0.2)
    (user_trace_width 0.4)
    (user_trace_width 0.7)
    (user_trace_width 0.9)
    (user_trace_width 1.5)
    (user_trace_width 2)
    (user_trace_width 2.5)
    (user_trace_width 3)
    (trace_clearance 0.2)
    (zone_clearance 0.3)
    (zone_45_only no)
    (trace_min 0.2)
    (segment_width 0.2)
    (edge_width 0.1)
    (via_size 0.8)
    (via_drill 0.4)
    (via_min_size 0.4)
    (via_min_drill 0.3)
    (uvia_size 0.3)
    (uvia_drill 0.1)
    (uvias_allowed no)
    (uvia_min_size 0.2)
    (uvia_min_drill 0.1)
    (pcb_text_width 0.3)
    (pcb_text_size 1.5 1.5)
    (mod_edge_width 0.15)
    (mod_text_size 1 1)
    (mod_text_width 0.15)
    (pad_size 2.99974 2.99974)
    (pad_drill 1.50114)
    (pad_to_mask_clearance 0)
    (solder_mask_min_width 0.25)
    (aux_axis_origin 0 0)
    (visible_elements FFFFF77F)
    (pcbplotparams
      (layerselection 0x010fc_ffffffff)
      (usegerberextensions false)
      (usegerberattributes false)
      (usegerberadvancedattributes false)
      (creategerberjobfile false)
      (excludeedgelayer true)
      (linewidth 0.100000)
      (plotframeref false)
      (viasonmask false)
      (mode 1)
      (useauxorigin false)
      (hpglpennumber 1)
      (hpglpenspeed 20)
      (hpglpendiameter 15.000000)
      (psnegative false)
      (psa4output false)
      (plotreference true)
      (plotvalue true)
      (plotinvisibletext false)
      (padsonsilk false)
      (subtractmaskfromsilk false)
      (outputformat 1)
      (mirror false)
      (drillshape 1)
      (scaleselection 1)
      (outputdirectory ""))
  )

  (net 0 "")
  (net 1 GNDS)
  (net 2 +3V3)
  (net 3 "Net-(C3-Pad1)")
  (net 4 RST1)
  (net 5 "Net-(C8-Pad2)")
  (net 6 "Net-(C9-Pad1)")
  (net 7 "Net-(C10-Pad2)")
  (net 8 "Net-(C12-Pad1)")
  (net 9 "Net-(C13-Pad2)")
  (net 10 +12V)
  (net 11 "Net-(C14-Pad1)")
  (net 12 "Net-(C15-Pad2)")
  (net 13 "Net-(C15-Pad1)")
  (net 14 "Net-(C17-Pad1)")
  (net 15 "Net-(C17-Pad2)")
  (net 16 "Net-(C18-Pad1)")
  (net 17 "Net-(C20-Pad2)")
  (net 18 "Net-(C20-Pad1)")
  (net 19 "Net-(C23-Pad1)")
  (net 20 "Net-(C24-Pad1)")
  (net 21 "Net-(C28-Pad2)")
  (net 22 "Net-(C30-Pad2)")
  (net 23 "Net-(C32-Pad1)")
  (net 24 "Net-(C33-Pad1)")
  (net 25 +5V)
  (net 26 "Net-(C36-Pad1)")
  (net 27 "Net-(C38-Pad2)")
  (net 28 "Net-(D2-Pad2)")
  (net 29 "Net-(D2-Pad4)")
  (net 30 "Net-(D2-Pad3)")
  (net 31 "Net-(D9-Pad2)")
  (net 32 "Net-(D10-Pad2)")
  (net 33 /M1_A+)
  (net 34 "Net-(D11-Pad1)")
  (net 35 /M1_B+)
  (net 36 "Net-(D12-Pad1)")
  (net 37 /M1_A-)
  (net 38 "Net-(D13-Pad1)")
  (net 39 "Net-(D14-Pad1)")
  (net 40 /M1_B-)
  (net 41 "Net-(D15-Pad1)")
  (net 42 /M2_A+)
  (net 43 /M2_B+)
  (net 44 "Net-(D16-Pad1)")
  (net 45 "Net-(D17-Pad1)")
  (net 46 /M2_A-)
  (net 47 "Net-(D18-Pad1)")
  (net 48 /M2_B-)
  (net 49 "Net-(IC1-Pad7)")
  (net 50 CLK1)
  (net 51 CW1)
  (net 52 "Net-(IC1-Pad12)")
  (net 53 "Net-(IC1-Pad25)")
  (net 54 HALF1)
  (net 55 CRTL1)
  (net 56 GNDD)
  (net 57 "Net-(IC2-Pad25)")
  (net 58 "Net-(IC2-Pad12)")
  (net 59 "Net-(IC2-Pad7)")
  (net 60 GNDPWR)
  (net 61 /SWCLK)
  (net 62 /SWDIO)
  (net 63 /NRST)
  (net 64 /TRACESWO)
  (net 65 i2C1_SDA)
  (net 66 i2C1_SCL)
  (net 67 /+5v_can)
  (net 68 "Net-(J8-Pad2)")
  (net 69 "Net-(J8-Pad3)")
  (net 70 /gnd_can)
  (net 71 E1_2)
  (net 72 E1_1)
  (net 73 E2_1)
  (net 74 E2_2)
  (net 75 "Net-(JP1-Pad2)")
  (net 76 "Net-(M2-Pad2)")
  (net 77 "Net-(Q2-Pad2)")
  (net 78 "Net-(R2-Pad1)")
  (net 79 "Net-(R3-Pad1)")
  (net 80 EN1)
  (net 81 "Net-(R5-Pad2)")
  (net 82 "Net-(R6-Pad2)")
  (net 83 "Net-(R7-Pad2)")
  (net 84 PWMA1)
  (net 85 t_SENS)
  (net 86 E3)
  (net 87 E4)
  (net 88 E2)
  (net 89 FAN)
  (net 90 E1)
  (net 91 PWMB1)
  (net 92 "Net-(J9-Pad1)")
  (net 93 USB_EN)
  (net 94 CAN_RX)
  (net 95 CAN_TX)
  (net 96 USB_DP)
  (net 97 "Net-(J9-Pad3)")
  (net 98 "Net-(J9-Pad2)")
  (net 99 USB_DM)
  (net 100 "Net-(U3-Pad14)")
  (net 101 "Net-(U3-Pad15)")
  (net 102 I1)
  (net 103 I2)
  (net 104 I3)
  (net 105 I4)
  (net 106 "Net-(U3-Pad22)")
  (net 107 "Net-(U3-Pad26)")
  (net 108 "Net-(U3-Pad27)")
  (net 109 "Net-(U3-Pad28)")
  (net 110 "Net-(U3-Pad29)")
  (net 111 FAN1)
  (net 112 "Net-(U3-Pad35)")
  (net 113 /M_HALF)
  (net 114 /JTDI)
  (net 115 "Net-(U3-Pad54)")
  (net 116 "Net-(U3-Pad56)")
  (net 117 "Net-(J9-Pad4)")

  (net_class Default "This is the default net class."
    (clearance 0.2)
    (trace_width 0.25)
    (via_dia 0.8)
    (via_drill 0.4)
    (uvia_dia 0.3)
    (uvia_drill 0.1)
    (add_net +12V)
    (add_net +3V3)
    (add_net +5V)
    (add_net /+5v_can)
    (add_net /JTDI)
    (add_net /M1_A+)
    (add_net /M1_A-)
    (add_net /M1_B+)
    (add_net /M1_B-)
    (add_net /M2_A+)
    (add_net /M2_A-)
    (add_net /M2_B+)
    (add_net /M2_B-)
    (add_net /M_HALF)
    (add_net /NRST)
    (add_net /SWCLK)
    (add_net /SWDIO)
    (add_net /TRACESWO)
    (add_net /gnd_can)
    (add_net CAN_RX)
    (add_net CAN_TX)
    (add_net CLK1)
    (add_net CRTL1)
    (add_net CW1)
    (add_net E1)
    (add_net E1_1)
    (add_net E1_2)
    (add_net E2)
    (add_net E2_1)
    (add_net E2_2)
    (add_net E3)
    (add_net E4)
    (add_net EN1)
    (add_net FAN)
    (add_net FAN1)
    (add_net GNDD)
    (add_net GNDPWR)
    (add_net GNDS)
    (add_net HALF1)
    (add_net I1)
    (add_net I2)
    (add_net I3)
    (add_net I4)
    (add_net "Net-(C10-Pad2)")
    (add_net "Net-(C12-Pad1)")
    (add_net "Net-(C13-Pad2)")
    (add_net "Net-(C14-Pad1)")
    (add_net "Net-(C15-Pad1)")
    (add_net "Net-(C15-Pad2)")
    (add_net "Net-(C17-Pad1)")
    (add_net "Net-(C17-Pad2)")
    (add_net "Net-(C18-Pad1)")
    (add_net "Net-(C20-Pad1)")
    (add_net "Net-(C20-Pad2)")
    (add_net "Net-(C23-Pad1)")
    (add_net "Net-(C24-Pad1)")
    (add_net "Net-(C28-Pad2)")
    (add_net "Net-(C3-Pad1)")
    (add_net "Net-(C30-Pad2)")
    (add_net "Net-(C32-Pad1)")
    (add_net "Net-(C33-Pad1)")
    (add_net "Net-(C36-Pad1)")
    (add_net "Net-(C38-Pad2)")
    (add_net "Net-(C8-Pad2)")
    (add_net "Net-(C9-Pad1)")
    (add_net "Net-(D10-Pad2)")
    (add_net "Net-(D11-Pad1)")
    (add_net "Net-(D12-Pad1)")
    (add_net "Net-(D13-Pad1)")
    (add_net "Net-(D14-Pad1)")
    (add_net "Net-(D15-Pad1)")
    (add_net "Net-(D16-Pad1)")
    (add_net "Net-(D17-Pad1)")
    (add_net "Net-(D18-Pad1)")
    (add_net "Net-(D2-Pad2)")
    (add_net "Net-(D2-Pad3)")
    (add_net "Net-(D2-Pad4)")
    (add_net "Net-(D9-Pad2)")
    (add_net "Net-(IC1-Pad12)")
    (add_net "Net-(IC1-Pad25)")
    (add_net "Net-(IC1-Pad7)")
    (add_net "Net-(IC2-Pad12)")
    (add_net "Net-(IC2-Pad25)")
    (add_net "Net-(IC2-Pad7)")
    (add_net "Net-(J8-Pad2)")
    (add_net "Net-(J8-Pad3)")
    (add_net "Net-(J9-Pad1)")
    (add_net "Net-(J9-Pad2)")
    (add_net "Net-(J9-Pad3)")
    (add_net "Net-(J9-Pad4)")
    (add_net "Net-(JP1-Pad2)")
    (add_net "Net-(M2-Pad2)")
    (add_net "Net-(Q2-Pad2)")
    (add_net "Net-(R2-Pad1)")
    (add_net "Net-(R3-Pad1)")
    (add_net "Net-(R5-Pad2)")
    (add_net "Net-(R6-Pad2)")
    (add_net "Net-(R7-Pad2)")
    (add_net "Net-(U3-Pad14)")
    (add_net "Net-(U3-Pad15)")
    (add_net "Net-(U3-Pad22)")
    (add_net "Net-(U3-Pad26)")
    (add_net "Net-(U3-Pad27)")
    (add_net "Net-(U3-Pad28)")
    (add_net "Net-(U3-Pad29)")
    (add_net "Net-(U3-Pad35)")
    (add_net "Net-(U3-Pad54)")
    (add_net "Net-(U3-Pad56)")
    (add_net PWMA1)
    (add_net PWMB1)
    (add_net RST1)
    (add_net USB_DM)
    (add_net USB_DP)
    (add_net USB_EN)
    (add_net i2C1_SCL)
    (add_net i2C1_SDA)
    (add_net t_SENS)
  )

  (module Wire_Connections_Bridges:WireConnection_1.50mmDrill (layer F.Cu) (tedit 5C765BEA) (tstamp 5C768551)
    (at 122.682 94.996 270)
    (descr "WireConnection with 1.5mm drill")
    (path /5C22ECB3)
    (fp_text reference JP4 (at 6.5024 -0.1016 270) (layer F.SilkS)
      (effects (font (size 1 1) (thickness 0.15)))
    )
    (fp_text value SolderJumper_2_Bridged (at 5.08 3.81 270) (layer F.Fab)
      (effects (font (size 1 1) (thickness 0.15)))
    )
    (fp_line (start 14.0716 -3.7592) (end 13.8684 -3.6576) (layer Cmts.User) (width 0.381))
    (fp_line (start 13.8684 -3.6576) (end 13.6398 -3.6576) (layer Cmts.User) (width 0.381))
    (fp_line (start 13.6398 -3.6576) (end 13.4366 -3.7592) (layer Cmts.User) (width 0.381))
    (fp_line (start 13.4366 -3.7592) (end 13.3604 -4.1148) (layer Cmts.User) (width 0.381))
    (fp_line (start 13.3604 -4.1148) (end 13.3604 -4.572) (layer Cmts.User) (width 0.381))
    (fp_line (start 13.3604 -4.572) (end 13.462 -4.6482) (layer Cmts.User) (width 0.381))
    (fp_line (start 13.462 -4.6482) (end 13.7668 -4.7244) (layer Cmts.User) (width 0.381))
    (fp_line (start 13.7668 -4.7244) (end 13.9954 -4.6736) (layer Cmts.User) (width 0.381))
    (fp_line (start 13.9954 -4.6736) (end 14.0462 -4.318) (layer Cmts.User) (width 0.381))
    (fp_line (start 14.0462 -4.318) (end 13.4366 -4.191) (layer Cmts.User) (width 0.381))
    (fp_line (start 13.4366 -4.191) (end 13.4366 -4.2418) (layer Cmts.User) (width 0.381))
    (fp_line (start 12.7508 -3.7084) (end 12.4206 -3.7084) (layer Cmts.User) (width 0.381))
    (fp_line (start 12.4206 -3.7084) (end 12.2174 -3.7084) (layer Cmts.User) (width 0.381))
    (fp_line (start 12.2174 -3.7084) (end 12.0396 -3.8608) (layer Cmts.User) (width 0.381))
    (fp_line (start 12.0396 -3.8608) (end 12.0396 -4.2418) (layer Cmts.User) (width 0.381))
    (fp_line (start 12.0396 -4.2418) (end 12.1412 -4.572) (layer Cmts.User) (width 0.381))
    (fp_line (start 12.1412 -4.572) (end 12.2936 -4.6482) (layer Cmts.User) (width 0.381))
    (fp_line (start 12.2936 -4.6482) (end 12.573 -4.6482) (layer Cmts.User) (width 0.381))
    (fp_line (start 12.573 -4.6482) (end 12.7508 -4.572) (layer Cmts.User) (width 0.381))
    (fp_line (start 12.7508 -4.572) (end 12.7762 -4.2672) (layer Cmts.User) (width 0.381))
    (fp_line (start 12.7762 -4.2672) (end 12.1412 -4.2418) (layer Cmts.User) (width 0.381))
    (fp_line (start 11.2268 -4.5212) (end 11.6078 -4.6736) (layer Cmts.User) (width 0.381))
    (fp_line (start 11.6078 -4.6736) (end 11.6332 -4.6736) (layer Cmts.User) (width 0.381))
    (fp_line (start 11.2014 -4.7244) (end 11.2014 -3.6576) (layer Cmts.User) (width 0.381))
    (fp_line (start 9.9822 -4.6736) (end 10.668 -4.7244) (layer Cmts.User) (width 0.381))
    (fp_line (start 10.7188 -5.207) (end 10.541 -5.207) (layer Cmts.User) (width 0.381))
    (fp_line (start 10.541 -5.207) (end 10.3886 -5.08) (layer Cmts.User) (width 0.381))
    (fp_line (start 10.3886 -5.08) (end 10.3378 -3.7084) (layer Cmts.User) (width 0.381))
    (fp_line (start 8.4328 -4.5974) (end 8.3058 -4.6736) (layer Cmts.User) (width 0.381))
    (fp_line (start 8.3058 -4.6736) (end 8.0264 -4.6736) (layer Cmts.User) (width 0.381))
    (fp_line (start 8.0264 -4.6736) (end 7.874 -4.445) (layer Cmts.User) (width 0.381))
    (fp_line (start 7.874 -4.445) (end 7.8994 -4.2672) (layer Cmts.User) (width 0.381))
    (fp_line (start 7.8994 -4.2672) (end 8.1788 -4.191) (layer Cmts.User) (width 0.381))
    (fp_line (start 8.1788 -4.191) (end 8.4328 -4.1148) (layer Cmts.User) (width 0.381))
    (fp_line (start 8.4328 -4.1148) (end 8.4836 -3.8354) (layer Cmts.User) (width 0.381))
    (fp_line (start 8.4836 -3.8354) (end 8.2804 -3.6576) (layer Cmts.User) (width 0.381))
    (fp_line (start 8.2804 -3.6576) (end 7.8994 -3.7084) (layer Cmts.User) (width 0.381))
    (fp_line (start 7.1628 -3.6576) (end 6.8072 -3.7592) (layer Cmts.User) (width 0.381))
    (fp_line (start 6.8072 -3.7592) (end 6.604 -3.8354) (layer Cmts.User) (width 0.381))
    (fp_line (start 6.604 -3.8354) (end 6.477 -4.1656) (layer Cmts.User) (width 0.381))
    (fp_line (start 6.477 -4.1656) (end 6.477 -4.4704) (layer Cmts.User) (width 0.381))
    (fp_line (start 6.477 -4.4704) (end 6.6802 -4.6736) (layer Cmts.User) (width 0.381))
    (fp_line (start 6.6802 -4.6736) (end 7.0104 -4.7244) (layer Cmts.User) (width 0.381))
    (fp_line (start 7.2136 -5.207) (end 7.2136 -3.6576) (layer Cmts.User) (width 0.381))
    (fp_line (start 5.715 -3.6576) (end 5.2578 -3.7084) (layer Cmts.User) (width 0.381))
    (fp_line (start 5.2578 -3.7084) (end 5.1054 -3.9116) (layer Cmts.User) (width 0.381))
    (fp_line (start 5.1054 -3.9116) (end 5.1308 -4.191) (layer Cmts.User) (width 0.381))
    (fp_line (start 5.1308 -4.191) (end 5.842 -4.2418) (layer Cmts.User) (width 0.381))
    (fp_line (start 5.1054 -4.572) (end 5.3848 -4.7244) (layer Cmts.User) (width 0.381))
    (fp_line (start 5.3848 -4.7244) (end 5.6388 -4.6482) (layer Cmts.User) (width 0.381))
    (fp_line (start 5.6388 -4.6482) (end 5.7912 -4.4704) (layer Cmts.User) (width 0.381))
    (fp_line (start 5.7912 -4.4704) (end 5.842 -3.6322) (layer Cmts.User) (width 0.381))
    (fp_line (start 3.6068 -3.6576) (end 3.6322 -5.2578) (layer Cmts.User) (width 0.381))
    (fp_line (start 3.6322 -5.2578) (end 4.0894 -5.2578) (layer Cmts.User) (width 0.381))
    (fp_line (start 4.0894 -5.2578) (end 4.3688 -5.1308) (layer Cmts.User) (width 0.381))
    (fp_line (start 4.3688 -5.1308) (end 4.4958 -4.8768) (layer Cmts.User) (width 0.381))
    (fp_line (start 4.4958 -4.8768) (end 4.4958 -4.5974) (layer Cmts.User) (width 0.381))
    (fp_line (start 4.4958 -4.5974) (end 4.3688 -4.3942) (layer Cmts.User) (width 0.381))
    (fp_line (start 4.3688 -4.3942) (end 4.0894 -4.445) (layer Cmts.User) (width 0.381))
    (fp_line (start 4.0894 -4.445) (end 3.6322 -4.445) (layer Cmts.User) (width 0.381))
    (fp_line (start 1.778 -3.7592) (end 1.524 -3.6576) (layer Cmts.User) (width 0.381))
    (fp_line (start 1.524 -3.6576) (end 1.27 -3.7592) (layer Cmts.User) (width 0.381))
    (fp_line (start 1.27 -3.7592) (end 1.1176 -3.9116) (layer Cmts.User) (width 0.381))
    (fp_line (start 1.1176 -3.9116) (end 1.0414 -4.318) (layer Cmts.User) (width 0.381))
    (fp_line (start 1.0414 -4.318) (end 1.1684 -4.572) (layer Cmts.User) (width 0.381))
    (fp_line (start 1.1684 -4.572) (end 1.3716 -4.6736) (layer Cmts.User) (width 0.381))
    (fp_line (start 1.3716 -4.6736) (end 1.651 -4.6482) (layer Cmts.User) (width 0.381))
    (fp_line (start 1.651 -4.6482) (end 1.8034 -4.5212) (layer Cmts.User) (width 0.381))
    (fp_line (start 1.8034 -4.5212) (end 1.8034 -4.318) (layer Cmts.User) (width 0.381))
    (fp_line (start 1.8034 -4.318) (end 1.1684 -4.2418) (layer Cmts.User) (width 0.381))
    (fp_line (start -0.1524 -4.7244) (end 0.3048 -3.6576) (layer Cmts.User) (width 0.381))
    (fp_line (start 0.3048 -3.6576) (end 0.5842 -4.6736) (layer Cmts.User) (width 0.381))
    (fp_line (start 0.5842 -4.6736) (end 0.5588 -4.6736) (layer Cmts.User) (width 0.381))
    (fp_line (start -1.4732 -4.3942) (end -1.4732 -3.9116) (layer Cmts.User) (width 0.381))
    (fp_line (start -1.4732 -3.9116) (end -1.27 -3.7084) (layer Cmts.User) (width 0.381))
    (fp_line (start -1.27 -3.7084) (end -1.0414 -3.6576) (layer Cmts.User) (width 0.381))
    (fp_line (start -1.0414 -3.6576) (end -0.762 -3.7846) (layer Cmts.User) (width 0.381))
    (fp_line (start -0.762 -3.7846) (end -0.6604 -3.9878) (layer Cmts.User) (width 0.381))
    (fp_line (start -0.6604 -3.9878) (end -0.6604 -4.445) (layer Cmts.User) (width 0.381))
    (fp_line (start -0.6604 -4.445) (end -0.8382 -4.6482) (layer Cmts.User) (width 0.381))
    (fp_line (start -0.8382 -4.6482) (end -1.1176 -4.7244) (layer Cmts.User) (width 0.381))
    (fp_line (start -1.1176 -4.7244) (end -1.4478 -4.4704) (layer Cmts.User) (width 0.381))
    (fp_line (start -3.0988 -3.6322) (end -3.0988 -5.2578) (layer Cmts.User) (width 0.381))
    (fp_line (start -3.0988 -5.2578) (end -2.6162 -4.1148) (layer Cmts.User) (width 0.381))
    (fp_line (start -2.6162 -4.1148) (end -2.1336 -5.1816) (layer Cmts.User) (width 0.381))
    (fp_line (start -2.1336 -5.1816) (end -2.1336 -3.6322) (layer Cmts.User) (width 0.381))
    (pad 1 thru_hole circle (at 3.004 0 270) (size 2.99974 2.99974) (drill 1.50114) (layers *.Cu *.Mask)
      (net 60 GNDPWR))
    (pad 2 thru_hole circle (at 10.16 0 270) (size 2.99974 2.99974) (drill 1.50114) (layers *.Cu *.Mask)
      (net 1 GNDS))
  )

  (module Capacitor_SMD:C_1210_3225Metric (layer F.Cu) (tedit 5B301BBE) (tstamp 5CFE6F6B)
    (at 114.562012 106.55241 90)
    (descr "Capacitor SMD 1210 (3225 Metric), square (rectangular) end terminal, IPC_7351 nominal, (Body size source: http://www.tortai-tech.com/upload/download/2011102023233369053.pdf), generated with kicad-footprint-generator")
    (tags capacitor)
    (path /5C9FB3D1)
    (attr smd)
    (fp_text reference C21 (at 0 -2.28 90) (layer F.SilkS)
      (effects (font (size 1 1) (thickness 0.15)))
    )
    (fp_text value 100nF (at 0 2.28 90) (layer F.Fab)
      (effects (font (size 1 1) (thickness 0.15)))
    )
    (fp_text user %R (at 0 0 90) (layer F.Fab)
      (effects (font (size 0.8 0.8) (thickness 0.12)))
    )
    (fp_line (start 2.28 1.58) (end -2.28 1.58) (layer F.CrtYd) (width 0.05))
    (fp_line (start 2.28 -1.58) (end 2.28 1.58) (layer F.CrtYd) (width 0.05))
    (fp_line (start -2.28 -1.58) (end 2.28 -1.58) (layer F.CrtYd) (width 0.05))
    (fp_line (start -2.28 1.58) (end -2.28 -1.58) (layer F.CrtYd) (width 0.05))
    (fp_line (start -0.602064 1.36) (end 0.602064 1.36) (layer F.SilkS) (width 0.12))
    (fp_line (start -0.602064 -1.36) (end 0.602064 -1.36) (layer F.SilkS) (width 0.12))
    (fp_line (start 1.6 1.25) (end -1.6 1.25) (layer F.Fab) (width 0.1))
    (fp_line (start 1.6 -1.25) (end 1.6 1.25) (layer F.Fab) (width 0.1))
    (fp_line (start -1.6 -1.25) (end 1.6 -1.25) (layer F.Fab) (width 0.1))
    (fp_line (start -1.6 1.25) (end -1.6 -1.25) (layer F.Fab) (width 0.1))
    (pad 2 smd roundrect (at 1.4 0 90) (size 1.25 2.65) (layers F.Cu F.Paste F.Mask) (roundrect_rratio 0.2)
      (net 1 GNDS))
    (pad 1 smd roundrect (at -1.4 0 90) (size 1.25 2.65) (layers F.Cu F.Paste F.Mask) (roundrect_rratio 0.2)
      (net 10 +12V))
    (model ${KISYS3DMOD}/Capacitor_SMD.3dshapes/C_1210_3225Metric.wrl
      (at (xyz 0 0 0))
      (scale (xyz 1 1 1))
      (rotate (xyz 0 0 0))
    )
  )

  (module Capacitor_SMD:C_1210_3225Metric (layer F.Cu) (tedit 5B301BBE) (tstamp 5CFE82C1)
    (at 118.062012 106.55241 90)
    (descr "Capacitor SMD 1210 (3225 Metric), square (rectangular) end terminal, IPC_7351 nominal, (Body size source: http://www.tortai-tech.com/upload/download/2011102023233369053.pdf), generated with kicad-footprint-generator")
    (tags capacitor)
    (path /5C9FB3C2)
    (attr smd)
    (fp_text reference C22 (at -0.25 2.5 90) (layer F.SilkS)
      (effects (font (size 1 1) (thickness 0.15)))
    )
    (fp_text value "100uF ceramic" (at 0 2.28 90) (layer F.Fab)
      (effects (font (size 1 1) (thickness 0.15)))
    )
    (fp_text user %R (at 0 0 90) (layer F.Fab)
      (effects (font (size 0.8 0.8) (thickness 0.12)))
    )
    (fp_line (start 2.28 1.58) (end -2.28 1.58) (layer F.CrtYd) (width 0.05))
    (fp_line (start 2.28 -1.58) (end 2.28 1.58) (layer F.CrtYd) (width 0.05))
    (fp_line (start -2.28 -1.58) (end 2.28 -1.58) (layer F.CrtYd) (width 0.05))
    (fp_line (start -2.28 1.58) (end -2.28 -1.58) (layer F.CrtYd) (width 0.05))
    (fp_line (start -0.602064 1.36) (end 0.602064 1.36) (layer F.SilkS) (width 0.12))
    (fp_line (start -0.602064 -1.36) (end 0.602064 -1.36) (layer F.SilkS) (width 0.12))
    (fp_line (start 1.6 1.25) (end -1.6 1.25) (layer F.Fab) (width 0.1))
    (fp_line (start 1.6 -1.25) (end 1.6 1.25) (layer F.Fab) (width 0.1))
    (fp_line (start -1.6 -1.25) (end 1.6 -1.25) (layer F.Fab) (width 0.1))
    (fp_line (start -1.6 1.25) (end -1.6 -1.25) (layer F.Fab) (width 0.1))
    (pad 2 smd roundrect (at 1.4 0 90) (size 1.25 2.65) (layers F.Cu F.Paste F.Mask) (roundrect_rratio 0.2)
      (net 1 GNDS))
    (pad 1 smd roundrect (at -1.4 0 90) (size 1.25 2.65) (layers F.Cu F.Paste F.Mask) (roundrect_rratio 0.2)
      (net 10 +12V))
    (model ${KISYS3DMOD}/Capacitor_SMD.3dshapes/C_1210_3225Metric.wrl
      (at (xyz 0 0 0))
      (scale (xyz 1 1 1))
      (rotate (xyz 0 0 0))
    )
  )

  (module Capacitor_SMD:C_0805_2012Metric (layer F.Cu) (tedit 5B36C52B) (tstamp 5CFE6E3F)
    (at 262.175001 33.515001)
    (descr "Capacitor SMD 0805 (2012 Metric), square (rectangular) end terminal, IPC_7351 nominal, (Body size source: https://docs.google.com/spreadsheets/d/1BsfQQcO9C6DZCsRaXUlFlo91Tg2WpOkGARC1WS5S8t0/edit?usp=sharing), generated with kicad-footprint-generator")
    (tags capacitor)
    (path /5BEC1A82)
    (attr smd)
    (fp_text reference C1 (at 0 -1.65) (layer F.SilkS)
      (effects (font (size 1 1) (thickness 0.15)))
    )
    (fp_text value 100nF (at 0 1.65) (layer F.Fab)
      (effects (font (size 1 1) (thickness 0.15)))
    )
    (fp_line (start -1 0.6) (end -1 -0.6) (layer F.Fab) (width 0.1))
    (fp_line (start -1 -0.6) (end 1 -0.6) (layer F.Fab) (width 0.1))
    (fp_line (start 1 -0.6) (end 1 0.6) (layer F.Fab) (width 0.1))
    (fp_line (start 1 0.6) (end -1 0.6) (layer F.Fab) (width 0.1))
    (fp_line (start -0.258578 -0.71) (end 0.258578 -0.71) (layer F.SilkS) (width 0.12))
    (fp_line (start -0.258578 0.71) (end 0.258578 0.71) (layer F.SilkS) (width 0.12))
    (fp_line (start -1.68 0.95) (end -1.68 -0.95) (layer F.CrtYd) (width 0.05))
    (fp_line (start -1.68 -0.95) (end 1.68 -0.95) (layer F.CrtYd) (width 0.05))
    (fp_line (start 1.68 -0.95) (end 1.68 0.95) (layer F.CrtYd) (width 0.05))
    (fp_line (start 1.68 0.95) (end -1.68 0.95) (layer F.CrtYd) (width 0.05))
    (fp_text user %R (at 0 0) (layer F.Fab)
      (effects (font (size 0.5 0.5) (thickness 0.08)))
    )
    (pad 1 smd roundrect (at -0.9375 0) (size 0.975 1.4) (layers F.Cu F.Paste F.Mask) (roundrect_rratio 0.25)
      (net 1 GNDS))
    (pad 2 smd roundrect (at 0.9375 0) (size 0.975 1.4) (layers F.Cu F.Paste F.Mask) (roundrect_rratio 0.25)
      (net 2 +3V3))
    (model ${KISYS3DMOD}/Capacitor_SMD.3dshapes/C_0805_2012Metric.wrl
      (at (xyz 0 0 0))
      (scale (xyz 1 1 1))
      (rotate (xyz 0 0 0))
    )
  )

  (module Capacitor_SMD:C_0805_2012Metric (layer F.Cu) (tedit 5B36C52B) (tstamp 5CFE80A5)
    (at 239.885001 56.265001)
    (descr "Capacitor SMD 0805 (2012 Metric), square (rectangular) end terminal, IPC_7351 nominal, (Body size source: https://docs.google.com/spreadsheets/d/1BsfQQcO9C6DZCsRaXUlFlo91Tg2WpOkGARC1WS5S8t0/edit?usp=sharing), generated with kicad-footprint-generator")
    (tags capacitor)
    (path /5BEC1AC1)
    (attr smd)
    (fp_text reference C2 (at 0 -1.65) (layer F.SilkS)
      (effects (font (size 1 1) (thickness 0.15)))
    )
    (fp_text value 100nF (at 0 1.65) (layer F.Fab)
      (effects (font (size 1 1) (thickness 0.15)))
    )
    (fp_text user %R (at 0 0) (layer F.Fab)
      (effects (font (size 0.5 0.5) (thickness 0.08)))
    )
    (fp_line (start 1.68 0.95) (end -1.68 0.95) (layer F.CrtYd) (width 0.05))
    (fp_line (start 1.68 -0.95) (end 1.68 0.95) (layer F.CrtYd) (width 0.05))
    (fp_line (start -1.68 -0.95) (end 1.68 -0.95) (layer F.CrtYd) (width 0.05))
    (fp_line (start -1.68 0.95) (end -1.68 -0.95) (layer F.CrtYd) (width 0.05))
    (fp_line (start -0.258578 0.71) (end 0.258578 0.71) (layer F.SilkS) (width 0.12))
    (fp_line (start -0.258578 -0.71) (end 0.258578 -0.71) (layer F.SilkS) (width 0.12))
    (fp_line (start 1 0.6) (end -1 0.6) (layer F.Fab) (width 0.1))
    (fp_line (start 1 -0.6) (end 1 0.6) (layer F.Fab) (width 0.1))
    (fp_line (start -1 -0.6) (end 1 -0.6) (layer F.Fab) (width 0.1))
    (fp_line (start -1 0.6) (end -1 -0.6) (layer F.Fab) (width 0.1))
    (pad 2 smd roundrect (at 0.9375 0) (size 0.975 1.4) (layers F.Cu F.Paste F.Mask) (roundrect_rratio 0.25)
      (net 2 +3V3))
    (pad 1 smd roundrect (at -0.9375 0) (size 0.975 1.4) (layers F.Cu F.Paste F.Mask) (roundrect_rratio 0.25)
      (net 1 GNDS))
    (model ${KISYS3DMOD}/Capacitor_SMD.3dshapes/C_0805_2012Metric.wrl
      (at (xyz 0 0 0))
      (scale (xyz 1 1 1))
      (rotate (xyz 0 0 0))
    )
  )

  (module Capacitor_SMD:C_0805_2012Metric (layer F.Cu) (tedit 5B36C52B) (tstamp 5CFE916C)
    (at 135 126)
    (descr "Capacitor SMD 0805 (2012 Metric), square (rectangular) end terminal, IPC_7351 nominal, (Body size source: https://docs.google.com/spreadsheets/d/1BsfQQcO9C6DZCsRaXUlFlo91Tg2WpOkGARC1WS5S8t0/edit?usp=sharing), generated with kicad-footprint-generator")
    (tags capacitor)
    (path /5C9FB3E9)
    (attr smd)
    (fp_text reference C3 (at 0 -1.65) (layer F.SilkS)
      (effects (font (size 1 1) (thickness 0.15)))
    )
    (fp_text value 5.6n (at 0 1.65) (layer F.Fab)
      (effects (font (size 1 1) (thickness 0.15)))
    )
    (fp_line (start -1 0.6) (end -1 -0.6) (layer F.Fab) (width 0.1))
    (fp_line (start -1 -0.6) (end 1 -0.6) (layer F.Fab) (width 0.1))
    (fp_line (start 1 -0.6) (end 1 0.6) (layer F.Fab) (width 0.1))
    (fp_line (start 1 0.6) (end -1 0.6) (layer F.Fab) (width 0.1))
    (fp_line (start -0.258578 -0.71) (end 0.258578 -0.71) (layer F.SilkS) (width 0.12))
    (fp_line (start -0.258578 0.71) (end 0.258578 0.71) (layer F.SilkS) (width 0.12))
    (fp_line (start -1.68 0.95) (end -1.68 -0.95) (layer F.CrtYd) (width 0.05))
    (fp_line (start -1.68 -0.95) (end 1.68 -0.95) (layer F.CrtYd) (width 0.05))
    (fp_line (start 1.68 -0.95) (end 1.68 0.95) (layer F.CrtYd) (width 0.05))
    (fp_line (start 1.68 0.95) (end -1.68 0.95) (layer F.CrtYd) (width 0.05))
    (fp_text user %R (at 0 0) (layer F.Fab)
      (effects (font (size 0.5 0.5) (thickness 0.08)))
    )
    (pad 1 smd roundrect (at -0.9375 0) (size 0.975 1.4) (layers F.Cu F.Paste F.Mask) (roundrect_rratio 0.25)
      (net 3 "Net-(C3-Pad1)"))
    (pad 2 smd roundrect (at 0.9375 0) (size 0.975 1.4) (layers F.Cu F.Paste F.Mask) (roundrect_rratio 0.25)
      (net 1 GNDS))
    (model ${KISYS3DMOD}/Capacitor_SMD.3dshapes/C_0805_2012Metric.wrl
      (at (xyz 0 0 0))
      (scale (xyz 1 1 1))
      (rotate (xyz 0 0 0))
    )
  )

  (module Capacitor_SMD:C_0805_2012Metric (layer F.Cu) (tedit 5B36C52B) (tstamp 5CFE6E6F)
    (at 262.175001 31.565001)
    (descr "Capacitor SMD 0805 (2012 Metric), square (rectangular) end terminal, IPC_7351 nominal, (Body size source: https://docs.google.com/spreadsheets/d/1BsfQQcO9C6DZCsRaXUlFlo91Tg2WpOkGARC1WS5S8t0/edit?usp=sharing), generated with kicad-footprint-generator")
    (tags capacitor)
    (path /5BEC1AF2)
    (attr smd)
    (fp_text reference C4 (at 0 -1.65) (layer F.SilkS)
      (effects (font (size 1 1) (thickness 0.15)))
    )
    (fp_text value 100nF (at 0 1.65) (layer F.Fab)
      (effects (font (size 1 1) (thickness 0.15)))
    )
    (fp_line (start -1 0.6) (end -1 -0.6) (layer F.Fab) (width 0.1))
    (fp_line (start -1 -0.6) (end 1 -0.6) (layer F.Fab) (width 0.1))
    (fp_line (start 1 -0.6) (end 1 0.6) (layer F.Fab) (width 0.1))
    (fp_line (start 1 0.6) (end -1 0.6) (layer F.Fab) (width 0.1))
    (fp_line (start -0.258578 -0.71) (end 0.258578 -0.71) (layer F.SilkS) (width 0.12))
    (fp_line (start -0.258578 0.71) (end 0.258578 0.71) (layer F.SilkS) (width 0.12))
    (fp_line (start -1.68 0.95) (end -1.68 -0.95) (layer F.CrtYd) (width 0.05))
    (fp_line (start -1.68 -0.95) (end 1.68 -0.95) (layer F.CrtYd) (width 0.05))
    (fp_line (start 1.68 -0.95) (end 1.68 0.95) (layer F.CrtYd) (width 0.05))
    (fp_line (start 1.68 0.95) (end -1.68 0.95) (layer F.CrtYd) (width 0.05))
    (fp_text user %R (at 0 0) (layer F.Fab)
      (effects (font (size 0.5 0.5) (thickness 0.08)))
    )
    (pad 1 smd roundrect (at -0.9375 0) (size 0.975 1.4) (layers F.Cu F.Paste F.Mask) (roundrect_rratio 0.25)
      (net 1 GNDS))
    (pad 2 smd roundrect (at 0.9375 0) (size 0.975 1.4) (layers F.Cu F.Paste F.Mask) (roundrect_rratio 0.25)
      (net 2 +3V3))
    (model ${KISYS3DMOD}/Capacitor_SMD.3dshapes/C_0805_2012Metric.wrl
      (at (xyz 0 0 0))
      (scale (xyz 1 1 1))
      (rotate (xyz 0 0 0))
    )
  )

  (module Capacitor_SMD:C_0805_2012Metric (layer F.Cu) (tedit 5B36C52B) (tstamp 5CFE86E1)
    (at 256.355001 38.675001)
    (descr "Capacitor SMD 0805 (2012 Metric), square (rectangular) end terminal, IPC_7351 nominal, (Body size source: https://docs.google.com/spreadsheets/d/1BsfQQcO9C6DZCsRaXUlFlo91Tg2WpOkGARC1WS5S8t0/edit?usp=sharing), generated with kicad-footprint-generator")
    (tags capacitor)
    (path /5BEC29D6)
    (attr smd)
    (fp_text reference C5 (at 0 -1.65) (layer F.SilkS)
      (effects (font (size 1 1) (thickness 0.15)))
    )
    (fp_text value 100nF (at 0 1.65) (layer F.Fab)
      (effects (font (size 1 1) (thickness 0.15)))
    )
    (fp_line (start -1 0.6) (end -1 -0.6) (layer F.Fab) (width 0.1))
    (fp_line (start -1 -0.6) (end 1 -0.6) (layer F.Fab) (width 0.1))
    (fp_line (start 1 -0.6) (end 1 0.6) (layer F.Fab) (width 0.1))
    (fp_line (start 1 0.6) (end -1 0.6) (layer F.Fab) (width 0.1))
    (fp_line (start -0.258578 -0.71) (end 0.258578 -0.71) (layer F.SilkS) (width 0.12))
    (fp_line (start -0.258578 0.71) (end 0.258578 0.71) (layer F.SilkS) (width 0.12))
    (fp_line (start -1.68 0.95) (end -1.68 -0.95) (layer F.CrtYd) (width 0.05))
    (fp_line (start -1.68 -0.95) (end 1.68 -0.95) (layer F.CrtYd) (width 0.05))
    (fp_line (start 1.68 -0.95) (end 1.68 0.95) (layer F.CrtYd) (width 0.05))
    (fp_line (start 1.68 0.95) (end -1.68 0.95) (layer F.CrtYd) (width 0.05))
    (fp_text user %R (at 0 0) (layer F.Fab)
      (effects (font (size 0.5 0.5) (thickness 0.08)))
    )
    (pad 1 smd roundrect (at -0.9375 0) (size 0.975 1.4) (layers F.Cu F.Paste F.Mask) (roundrect_rratio 0.25)
      (net 1 GNDS))
    (pad 2 smd roundrect (at 0.9375 0) (size 0.975 1.4) (layers F.Cu F.Paste F.Mask) (roundrect_rratio 0.25)
      (net 2 +3V3))
    (model ${KISYS3DMOD}/Capacitor_SMD.3dshapes/C_0805_2012Metric.wrl
      (at (xyz 0 0 0))
      (scale (xyz 1 1 1))
      (rotate (xyz 0 0 0))
    )
  )

  (module Capacitor_SMD:C_0805_2012Metric (layer F.Cu) (tedit 5B36C52B) (tstamp 5CFE931E)
    (at 97.028 127 180)
    (descr "Capacitor SMD 0805 (2012 Metric), square (rectangular) end terminal, IPC_7351 nominal, (Body size source: https://docs.google.com/spreadsheets/d/1BsfQQcO9C6DZCsRaXUlFlo91Tg2WpOkGARC1WS5S8t0/edit?usp=sharing), generated with kicad-footprint-generator")
    (tags capacitor)
    (path /5C9FB41F)
    (attr smd)
    (fp_text reference C7 (at -0.1524 1.8796 180) (layer F.SilkS)
      (effects (font (size 1 1) (thickness 0.15)))
    )
    (fp_text value 100nF (at 0 1.65 180) (layer F.Fab)
      (effects (font (size 1 1) (thickness 0.15)))
    )
    (fp_line (start -1 0.6) (end -1 -0.6) (layer F.Fab) (width 0.1))
    (fp_line (start -1 -0.6) (end 1 -0.6) (layer F.Fab) (width 0.1))
    (fp_line (start 1 -0.6) (end 1 0.6) (layer F.Fab) (width 0.1))
    (fp_line (start 1 0.6) (end -1 0.6) (layer F.Fab) (width 0.1))
    (fp_line (start -0.258578 -0.71) (end 0.258578 -0.71) (layer F.SilkS) (width 0.12))
    (fp_line (start -0.258578 0.71) (end 0.258578 0.71) (layer F.SilkS) (width 0.12))
    (fp_line (start -1.68 0.95) (end -1.68 -0.95) (layer F.CrtYd) (width 0.05))
    (fp_line (start -1.68 -0.95) (end 1.68 -0.95) (layer F.CrtYd) (width 0.05))
    (fp_line (start 1.68 -0.95) (end 1.68 0.95) (layer F.CrtYd) (width 0.05))
    (fp_line (start 1.68 0.95) (end -1.68 0.95) (layer F.CrtYd) (width 0.05))
    (fp_text user %R (at 0 0 180) (layer F.Fab)
      (effects (font (size 0.5 0.5) (thickness 0.08)))
    )
    (pad 1 smd roundrect (at -0.9375 0 180) (size 0.975 1.4) (layers F.Cu F.Paste F.Mask) (roundrect_rratio 0.25)
      (net 4 RST1))
    (pad 2 smd roundrect (at 0.9375 0 180) (size 0.975 1.4) (layers F.Cu F.Paste F.Mask) (roundrect_rratio 0.25)
      (net 1 GNDS))
    (model ${KISYS3DMOD}/Capacitor_SMD.3dshapes/C_0805_2012Metric.wrl
      (at (xyz 0 0 0))
      (scale (xyz 1 1 1))
      (rotate (xyz 0 0 0))
    )
  )

  (module Capacitor_SMD:C_0805_2012Metric (layer F.Cu) (tedit 5B36C52B) (tstamp 5CFE71BD)
    (at 70.0532 117.602 180)
    (descr "Capacitor SMD 0805 (2012 Metric), square (rectangular) end terminal, IPC_7351 nominal, (Body size source: https://docs.google.com/spreadsheets/d/1BsfQQcO9C6DZCsRaXUlFlo91Tg2WpOkGARC1WS5S8t0/edit?usp=sharing), generated with kicad-footprint-generator")
    (tags capacitor)
    (path /5BEB0FB5)
    (attr smd)
    (fp_text reference C8 (at 0 -1.65 180) (layer F.SilkS)
      (effects (font (size 1 1) (thickness 0.15)))
    )
    (fp_text value 100nF (at 0 1.65 180) (layer F.Fab)
      (effects (font (size 1 1) (thickness 0.15)))
    )
    (fp_line (start -1 0.6) (end -1 -0.6) (layer F.Fab) (width 0.1))
    (fp_line (start -1 -0.6) (end 1 -0.6) (layer F.Fab) (width 0.1))
    (fp_line (start 1 -0.6) (end 1 0.6) (layer F.Fab) (width 0.1))
    (fp_line (start 1 0.6) (end -1 0.6) (layer F.Fab) (width 0.1))
    (fp_line (start -0.258578 -0.71) (end 0.258578 -0.71) (layer F.SilkS) (width 0.12))
    (fp_line (start -0.258578 0.71) (end 0.258578 0.71) (layer F.SilkS) (width 0.12))
    (fp_line (start -1.68 0.95) (end -1.68 -0.95) (layer F.CrtYd) (width 0.05))
    (fp_line (start -1.68 -0.95) (end 1.68 -0.95) (layer F.CrtYd) (width 0.05))
    (fp_line (start 1.68 -0.95) (end 1.68 0.95) (layer F.CrtYd) (width 0.05))
    (fp_line (start 1.68 0.95) (end -1.68 0.95) (layer F.CrtYd) (width 0.05))
    (fp_text user %R (at 0 0 180) (layer F.Fab)
      (effects (font (size 0.5 0.5) (thickness 0.08)))
    )
    (pad 1 smd roundrect (at -0.9375 0 180) (size 0.975 1.4) (layers F.Cu F.Paste F.Mask) (roundrect_rratio 0.25)
      (net 1 GNDS))
    (pad 2 smd roundrect (at 0.9375 0 180) (size 0.975 1.4) (layers F.Cu F.Paste F.Mask) (roundrect_rratio 0.25)
      (net 5 "Net-(C8-Pad2)"))
    (model ${KISYS3DMOD}/Capacitor_SMD.3dshapes/C_0805_2012Metric.wrl
      (at (xyz 0 0 0))
      (scale (xyz 1 1 1))
      (rotate (xyz 0 0 0))
    )
  )

  (module Capacitor_SMD:C_0805_2012Metric (layer F.Cu) (tedit 5B36C52B) (tstamp 5C770382)
    (at 57.912 122.936 90)
    (descr "Capacitor SMD 0805 (2012 Metric), square (rectangular) end terminal, IPC_7351 nominal, (Body size source: https://docs.google.com/spreadsheets/d/1BsfQQcO9C6DZCsRaXUlFlo91Tg2WpOkGARC1WS5S8t0/edit?usp=sharing), generated with kicad-footprint-generator")
    (tags capacitor)
    (path /5BEAEF6F)
    (attr smd)
    (fp_text reference C9 (at 0 -1.65 90) (layer F.SilkS)
      (effects (font (size 1 1) (thickness 0.15)))
    )
    (fp_text value 20pF (at 0 1.65 90) (layer F.Fab)
      (effects (font (size 1 1) (thickness 0.15)))
    )
    (fp_line (start -1 0.6) (end -1 -0.6) (layer F.Fab) (width 0.1))
    (fp_line (start -1 -0.6) (end 1 -0.6) (layer F.Fab) (width 0.1))
    (fp_line (start 1 -0.6) (end 1 0.6) (layer F.Fab) (width 0.1))
    (fp_line (start 1 0.6) (end -1 0.6) (layer F.Fab) (width 0.1))
    (fp_line (start -0.258578 -0.71) (end 0.258578 -0.71) (layer F.SilkS) (width 0.12))
    (fp_line (start -0.258578 0.71) (end 0.258578 0.71) (layer F.SilkS) (width 0.12))
    (fp_line (start -1.68 0.95) (end -1.68 -0.95) (layer F.CrtYd) (width 0.05))
    (fp_line (start -1.68 -0.95) (end 1.68 -0.95) (layer F.CrtYd) (width 0.05))
    (fp_line (start 1.68 -0.95) (end 1.68 0.95) (layer F.CrtYd) (width 0.05))
    (fp_line (start 1.68 0.95) (end -1.68 0.95) (layer F.CrtYd) (width 0.05))
    (fp_text user %R (at 0 0 90) (layer F.Fab)
      (effects (font (size 0.5 0.5) (thickness 0.08)))
    )
    (pad 1 smd roundrect (at -0.9375 0 90) (size 0.975 1.4) (layers F.Cu F.Paste F.Mask) (roundrect_rratio 0.25)
      (net 6 "Net-(C9-Pad1)"))
    (pad 2 smd roundrect (at 0.9375 0 90) (size 0.975 1.4) (layers F.Cu F.Paste F.Mask) (roundrect_rratio 0.25)
      (net 1 GNDS))
    (model ${KISYS3DMOD}/Capacitor_SMD.3dshapes/C_0805_2012Metric.wrl
      (at (xyz 0 0 0))
      (scale (xyz 1 1 1))
      (rotate (xyz 0 0 0))
    )
  )

  (module Capacitor_SMD:C_0805_2012Metric (layer F.Cu) (tedit 5B36C52B) (tstamp 5CFE8222)
    (at 57.912 130.175 90)
    (descr "Capacitor SMD 0805 (2012 Metric), square (rectangular) end terminal, IPC_7351 nominal, (Body size source: https://docs.google.com/spreadsheets/d/1BsfQQcO9C6DZCsRaXUlFlo91Tg2WpOkGARC1WS5S8t0/edit?usp=sharing), generated with kicad-footprint-generator")
    (tags capacitor)
    (path /5BEAF04C)
    (attr smd)
    (fp_text reference C10 (at 0 -1.65 90) (layer F.SilkS)
      (effects (font (size 1 1) (thickness 0.15)))
    )
    (fp_text value 20pF (at 0 1.65 90) (layer F.Fab)
      (effects (font (size 1 1) (thickness 0.15)))
    )
    (fp_text user %R (at 0 0 90) (layer F.Fab)
      (effects (font (size 0.5 0.5) (thickness 0.08)))
    )
    (fp_line (start 1.68 0.95) (end -1.68 0.95) (layer F.CrtYd) (width 0.05))
    (fp_line (start 1.68 -0.95) (end 1.68 0.95) (layer F.CrtYd) (width 0.05))
    (fp_line (start -1.68 -0.95) (end 1.68 -0.95) (layer F.CrtYd) (width 0.05))
    (fp_line (start -1.68 0.95) (end -1.68 -0.95) (layer F.CrtYd) (width 0.05))
    (fp_line (start -0.258578 0.71) (end 0.258578 0.71) (layer F.SilkS) (width 0.12))
    (fp_line (start -0.258578 -0.71) (end 0.258578 -0.71) (layer F.SilkS) (width 0.12))
    (fp_line (start 1 0.6) (end -1 0.6) (layer F.Fab) (width 0.1))
    (fp_line (start 1 -0.6) (end 1 0.6) (layer F.Fab) (width 0.1))
    (fp_line (start -1 -0.6) (end 1 -0.6) (layer F.Fab) (width 0.1))
    (fp_line (start -1 0.6) (end -1 -0.6) (layer F.Fab) (width 0.1))
    (pad 2 smd roundrect (at 0.9375 0 90) (size 0.975 1.4) (layers F.Cu F.Paste F.Mask) (roundrect_rratio 0.25)
      (net 7 "Net-(C10-Pad2)"))
    (pad 1 smd roundrect (at -0.9375 0 90) (size 0.975 1.4) (layers F.Cu F.Paste F.Mask) (roundrect_rratio 0.25)
      (net 1 GNDS))
    (model ${KISYS3DMOD}/Capacitor_SMD.3dshapes/C_0805_2012Metric.wrl
      (at (xyz 0 0 0))
      (scale (xyz 1 1 1))
      (rotate (xyz 0 0 0))
    )
  )

  (module Capacitor_SMD:C_0805_2012Metric (layer F.Cu) (tedit 5B36C52B) (tstamp 5CFE8105)
    (at 43.434 66.294 270)
    (descr "Capacitor SMD 0805 (2012 Metric), square (rectangular) end terminal, IPC_7351 nominal, (Body size source: https://docs.google.com/spreadsheets/d/1BsfQQcO9C6DZCsRaXUlFlo91Tg2WpOkGARC1WS5S8t0/edit?usp=sharing), generated with kicad-footprint-generator")
    (tags capacitor)
    (path /5C0D2947)
    (attr smd)
    (fp_text reference C11 (at 0 -1.65 270) (layer F.SilkS)
      (effects (font (size 1 1) (thickness 0.15)))
    )
    (fp_text value 2.2uF (at 0 1.65 270) (layer F.Fab)
      (effects (font (size 1 1) (thickness 0.15)))
    )
    (fp_line (start -1 0.6) (end -1 -0.6) (layer F.Fab) (width 0.1))
    (fp_line (start -1 -0.6) (end 1 -0.6) (layer F.Fab) (width 0.1))
    (fp_line (start 1 -0.6) (end 1 0.6) (layer F.Fab) (width 0.1))
    (fp_line (start 1 0.6) (end -1 0.6) (layer F.Fab) (width 0.1))
    (fp_line (start -0.258578 -0.71) (end 0.258578 -0.71) (layer F.SilkS) (width 0.12))
    (fp_line (start -0.258578 0.71) (end 0.258578 0.71) (layer F.SilkS) (width 0.12))
    (fp_line (start -1.68 0.95) (end -1.68 -0.95) (layer F.CrtYd) (width 0.05))
    (fp_line (start -1.68 -0.95) (end 1.68 -0.95) (layer F.CrtYd) (width 0.05))
    (fp_line (start 1.68 -0.95) (end 1.68 0.95) (layer F.CrtYd) (width 0.05))
    (fp_line (start 1.68 0.95) (end -1.68 0.95) (layer F.CrtYd) (width 0.05))
    (fp_text user %R (at 0 0 270) (layer F.Fab)
      (effects (font (size 0.5 0.5) (thickness 0.08)))
    )
    (pad 1 smd roundrect (at -0.9375 0 270) (size 0.975 1.4) (layers F.Cu F.Paste F.Mask) (roundrect_rratio 0.25)
      (net 2 +3V3))
    (pad 2 smd roundrect (at 0.9375 0 270) (size 0.975 1.4) (layers F.Cu F.Paste F.Mask) (roundrect_rratio 0.25)
      (net 1 GNDS))
