(kicad_pcb (version 20171130) (host pcbnew "(5.0.1-3-g963ef8bb5)")

  (general
    (thickness 1.6)
    (drawings 0)
    (tracks 229)
    (zones 0)
    (modules 132)
    (nets 126)
  )

  (page A4)
  (layers
    (0 F.Cu signal)
    (31 B.Cu signal)
    (32 B.Adhes user)
    (33 F.Adhes user)
    (34 B.Paste user)
    (35 F.Paste user)
    (36 B.SilkS user)
    (37 F.SilkS user)
    (38 B.Mask user)
    (39 F.Mask user)
    (40 Dwgs.User user)
    (41 Cmts.User user)
    (42 Eco1.User user)
    (43 Eco2.User user)
    (44 Edge.Cuts user)
    (45 Margin user)
    (46 B.CrtYd user)
    (47 F.CrtYd user)
    (48 B.Fab user)
    (49 F.Fab user)
  )

  (setup
    (last_trace_width 0.9)
    (user_trace_width 0.25)
    (user_trace_width 0.4)
    (user_trace_width 0.5)
    (user_trace_width 0.7)
    (user_trace_width 0.9)
    (user_trace_width 1.1)
    (user_trace_width 1.5)
    (user_trace_width 2.5)
    (trace_clearance 0.2)
    (zone_clearance 0.508)
    (zone_45_only no)
    (trace_min 0.2)
    (segment_width 0.2)
    (edge_width 0.15)
    (via_size 0.8)
    (via_drill 0.4)
    (via_min_size 0.4)
    (via_min_drill 0.3)
    (uvia_size 0.3)
    (uvia_drill 0.1)
    (uvias_allowed no)
    (uvia_min_size 0.2)
    (uvia_min_drill 0.1)
    (pcb_text_width 0.3)
    (pcb_text_size 1.5 1.5)
    (mod_edge_width 0.15)
    (mod_text_size 1 1)
    (mod_text_width 0.15)
    (pad_size 20 6.4)
    (pad_drill 0)
    (pad_to_mask_clearance 0.051)
    (solder_mask_min_width 0.25)
    (aux_axis_origin 0 0)
    (visible_elements FFFFFF7F)
    (pcbplotparams
      (layerselection 0x010fc_ffffffff)
      (usegerberextensions false)
      (usegerberattributes false)
      (usegerberadvancedattributes false)
      (creategerberjobfile false)
      (excludeedgelayer true)
      (linewidth 0.100000)
      (plotframeref false)
      (viasonmask false)
      (mode 1)
      (useauxorigin false)
      (hpglpennumber 1)
      (hpglpenspeed 20)
      (hpglpendiameter 15.000000)
      (psnegative false)
      (psa4output false)
      (plotreference true)
      (plotvalue true)
      (plotinvisibletext false)
      (padsonsilk false)
      (subtractmaskfromsilk false)
      (outputformat 1)
      (mirror false)
      (drillshape 1)
      (scaleselection 1)
      (outputdirectory ""))
  )

  (net 0 "")
  (net 1 GNDS)
  (net 2 +3V3)
  (net 3 "Net-(C3-Pad1)")
  (net 4 GNDA)
  (net 5 VDDA)
  (net 6 RST1)
  (net 7 /NRST)
  (net 8 "Net-(C9-Pad1)")
  (net 9 "Net-(C10-Pad2)")
  (net 10 "Net-(C12-Pad1)")
  (net 11 /+5v_can)
  (net 12 "Net-(C14-Pad1)")
  (net 13 "Net-(C15-Pad2)")
  (net 14 "Net-(C17-Pad1)")
  (net 15 "Net-(C17-Pad2)")
  (net 16 "Net-(C18-Pad1)")
  (net 17 "Net-(C20-Pad1)")
  (net 18 "Net-(C20-Pad2)")
  (net 19 "Net-(C23-Pad1)")
  (net 20 "Net-(C24-Pad1)")
  (net 21 +12V)
  (net 22 "Net-(C32-Pad1)")
  (net 23 "Net-(C33-Pad1)")
  (net 24 +5V)
  (net 25 "Net-(C36-Pad1)")
  (net 26 "Net-(D2-Pad3)")
  (net 27 "Net-(D2-Pad4)")
  (net 28 "Net-(D2-Pad2)")
  (net 29 "Net-(D9-Pad2)")
  (net 30 "Net-(D10-Pad2)")
  (net 31 /M1_A+)
  (net 32 "Net-(D11-Pad1)")
  (net 33 /M1_B+)
  (net 34 "Net-(D12-Pad1)")
  (net 35 "Net-(D13-Pad1)")
  (net 36 /M1_A-)
  (net 37 "Net-(D14-Pad1)")
  (net 38 /M1_B-)
  (net 39 /M2_A+)
  (net 40 "Net-(D15-Pad1)")
  (net 41 /M2_B+)
  (net 42 "Net-(D16-Pad1)")
  (net 43 /M2_A-)
  (net 44 "Net-(D17-Pad1)")
  (net 45 "Net-(D18-Pad1)")
  (net 46 /M2_B-)
  (net 47 "Net-(IC1-Pad7)")
  (net 48 CLK1)
  (net 49 CW1)
  (net 50 "Net-(IC1-Pad12)")
  (net 51 "Net-(IC1-Pad25)")
  (net 52 HALF1)
  (net 53 CRTL1)
  (net 54 GNDD)
  (net 55 "Net-(IC2-Pad25)")
  (net 56 "Net-(IC2-Pad12)")
  (net 57 "Net-(IC2-Pad7)")
  (net 58 GNDPWR)
  (net 59 /TRACESWO)
  (net 60 /SWDIO)
  (net 61 /SWCLK)
  (net 62 i2C1_SDA)
  (net 63 i2C1_SCL)
  (net 64 "Net-(J8-Pad3)")
  (net 65 "Net-(J8-Pad2)")
  (net 66 /gnd_can)
  (net 67 "Net-(J9-Pad3)")
  (net 68 "Net-(J9-Pad4)")
  (net 69 "Net-(J9-Pad1)")
  (net 70 "Net-(J9-Pad2)")
  (net 71 E1_1)
  (net 72 E1_2)
  (net 73 E2_2)
  (net 74 E2_1)
  (net 75 "Net-(JP2-Pad1)")
  (net 76 "Net-(M1-Pad2)")
  (net 77 "Net-(M2-Pad2)")
  (net 78 "Net-(Q1-Pad2)")
  (net 79 "Net-(Q2-Pad2)")
  (net 80 "Net-(R2-Pad1)")
  (net 81 "Net-(R3-Pad1)")
  (net 82 EN1)
  (net 83 "Net-(R5-Pad2)")
  (net 84 "Net-(R6-Pad2)")
  (net 85 "Net-(R7-Pad2)")
  (net 86 PWMA1)
  (net 87 t_SENS)
  (net 88 FAN1)
  (net 89 E3)
  (net 90 E4)
  (net 91 E2)
  (net 92 FAN)
  (net 93 E1)
  (net 94 PWMB1)
  (net 95 USB_EN)
  (net 96 CAN_RX)
  (net 97 CAN_TX)
  (net 98 "Net-(U3-Pad56)")
  (net 99 "Net-(U3-Pad54)")
  (net 100 /JTDI)
  (net 101 USB_DP)
  (net 102 USB_DM)
  (net 103 /M_HALF)
  (net 104 "Net-(U3-Pad35)")
  (net 105 "Net-(U3-Pad34)")
  (net 106 "Net-(U3-Pad28)")
  (net 107 "Net-(U3-Pad27)")
  (net 108 "Net-(U3-Pad26)")
  (net 109 "Net-(U3-Pad22)")
  (net 110 I4)
  (net 111 I3)
  (net 112 I2)
  (net 113 I1)
  (net 114 "Net-(U3-Pad15)")
  (net 115 "Net-(U3-Pad14)")
  (net 116 "Net-(U3-Pad4)")
  (net 117 "Net-(C8-Pad2)")
  (net 118 "Net-(C13-Pad2)")
  (net 119 "Net-(C13-Pad1)")
  (net 120 "Net-(C15-Pad1)")
  (net 121 "Net-(C28-Pad2)")
  (net 122 "Net-(C30-Pad2)")
  (net 123 "Net-(C38-Pad2)")
  (net 124 "Net-(R33-Pad1)")
  (net 125 "Net-(R47-Pad1)")

  (net_class Default "This is the default net class."
    (clearance 0.2)
    (trace_width 0.25)
    (via_dia 0.8)
    (via_drill 0.4)
    (uvia_dia 0.3)
    (uvia_drill 0.1)
    (add_net +12V)
    (add_net +3V3)
    (add_net +5V)
    (add_net /+5v_can)
    (add_net /JTDI)
    (add_net /M1_A+)
    (add_net /M1_A-)
    (add_net /M1_B+)
    (add_net /M1_B-)
    (add_net /M2_A+)
    (add_net /M2_A-)
    (add_net /M2_B+)
    (add_net /M2_B-)
    (add_net /M_HALF)
    (add_net /NRST)
    (add_net /SWCLK)
    (add_net /SWDIO)
    (add_net /TRACESWO)
    (add_net /gnd_can)
    (add_net CAN_RX)
    (add_net CAN_TX)
    (add_net CLK1)
    (add_net CRTL1)
    (add_net CW1)
    (add_net E1)
    (add_net E1_1)
    (add_net E1_2)
    (add_net E2)
    (add_net E2_1)
    (add_net E2_2)
    (add_net E3)
    (add_net E4)
    (add_net EN1)
    (add_net FAN)
    (add_net FAN1)
    (add_net GNDA)
    (add_net GNDD)
    (add_net GNDPWR)
    (add_net GNDS)
    (add_net HALF1)
    (add_net I1)
    (add_net I2)
    (add_net I3)
    (add_net I4)
    (add_net "Net-(C10-Pad2)")
    (add_net "Net-(C12-Pad1)")
    (add_net "Net-(C13-Pad1)")
    (add_net "Net-(C13-Pad2)")
    (add_net "Net-(C14-Pad1)")
    (add_net "Net-(C15-Pad1)")
    (add_net "Net-(C15-Pad2)")
    (add_net "Net-(C17-Pad1)")
    (add_net "Net-(C17-Pad2)")
    (add_net "Net-(C18-Pad1)")
    (add_net "Net-(C20-Pad1)")
    (add_net "Net-(C20-Pad2)")
    (add_net "Net-(C23-Pad1)")
    (add_net "Net-(C24-Pad1)")
    (add_net "Net-(C28-Pad2)")
    (add_net "Net-(C3-Pad1)")
    (add_net "Net-(C30-Pad2)")
    (add_net "Net-(C32-Pad1)")
    (add_net "Net-(C33-Pad1)")
    (add_net "Net-(C36-Pad1)")
    (add_net "Net-(C38-Pad2)")
    (add_net "Net-(C8-Pad2)")
    (add_net "Net-(C9-Pad1)")
    (add_net "Net-(D10-Pad2)")
    (add_net "Net-(D11-Pad1)")
    (add_net "Net-(D12-Pad1)")
    (add_net "Net-(D13-Pad1)")
    (add_net "Net-(D14-Pad1)")
    (add_net "Net-(D15-Pad1)")
    (add_net "Net-(D16-Pad1)")
    (add_net "Net-(D17-Pad1)")
    (add_net "Net-(D18-Pad1)")
    (add_net "Net-(D2-Pad2)")
    (add_net "Net-(D2-Pad3)")
    (add_net "Net-(D2-Pad4)")
    (add_net "Net-(D9-Pad2)")
    (add_net "Net-(IC1-Pad12)")
    (add_net "Net-(IC1-Pad25)")
    (add_net "Net-(IC1-Pad7)")
    (add_net "Net-(IC2-Pad12)")
    (add_net "Net-(IC2-Pad25)")
    (add_net "Net-(IC2-Pad7)")
    (add_net "Net-(J8-Pad2)")
    (add_net "Net-(J8-Pad3)")
    (add_net "Net-(J9-Pad1)")
    (add_net "Net-(J9-Pad2)")
    (add_net "Net-(J9-Pad3)")
    (add_net "Net-(J9-Pad4)")
    (add_net "Net-(JP2-Pad1)")
    (add_net "Net-(M1-Pad2)")
    (add_net "Net-(M2-Pad2)")
    (add_net "Net-(Q1-Pad2)")
    (add_net "Net-(Q2-Pad2)")
    (add_net "Net-(R2-Pad1)")
    (add_net "Net-(R3-Pad1)")
    (add_net "Net-(R33-Pad1)")
    (add_net "Net-(R47-Pad1)")
    (add_net "Net-(R5-Pad2)")
    (add_net "Net-(R6-Pad2)")
    (add_net "Net-(R7-Pad2)")
    (add_net "Net-(U3-Pad14)")
    (add_net "Net-(U3-Pad15)")
    (add_net "Net-(U3-Pad22)")
    (add_net "Net-(U3-Pad26)")
    (add_net "Net-(U3-Pad27)")
    (add_net "Net-(U3-Pad28)")
    (add_net "Net-(U3-Pad34)")
    (add_net "Net-(U3-Pad35)")
    (add_net "Net-(U3-Pad4)")
    (add_net "Net-(U3-Pad54)")
    (add_net "Net-(U3-Pad56)")
    (add_net PWMA1)
    (add_net PWMB1)
    (add_net RST1)
    (add_net USB_DM)
    (add_net USB_DP)
    (add_net USB_EN)
    (add_net VDDA)
    (add_net i2C1_SCL)
    (add_net i2C1_SDA)
    (add_net t_SENS)
  )

  (module Arm_stepper:POWERSO36 (layer F.Cu) (tedit 5C1EAD14) (tstamp 5C1F23D3)
    (at 204.47 87.63 90)
    (path /5C9FB347)
    (attr smd)
    (fp_text reference IC1 (at -6.75 6.75 180) (layer F.SilkS)
      (effects (font (size 1.016 1.016) (thickness 0.254)))
    )
    (fp_text value L6208D (at 0 0 90) (layer F.SilkS)
      (effects (font (size 1.016 1.016) (thickness 0.254)))
    )
    (fp_line (start -8 4.5) (end -7 5.5) (layer F.SilkS) (width 0.381))
    (fp_line (start -8 -5.5) (end -8 4.5) (layer F.SilkS) (width 0.381))
    (fp_line (start 8 -5.5) (end -8 -5.5) (layer F.SilkS) (width 0.381))
    (fp_line (start 8 5.5) (end 8 -5.5) (layer F.SilkS) (width 0.381))
    (fp_line (start -7 5.5) (end 8 5.5) (layer F.SilkS) (width 0.381))
    (fp_circle (center -6.5 4) (end -6.5 3.25) (layer F.SilkS) (width 0.381))
    (pad 36 smd rect (at -5.525 -6.8825 90) (size 0.38 1.7) (layers F.Cu F.Paste F.Mask)
      (net 1 GNDS) (solder_mask_margin 0.05) (clearance 0.05))
    (pad 35 smd rect (at -4.875 -6.8825 90) (size 0.38 1.7) (layers F.Cu F.Paste F.Mask)
      (solder_mask_margin 0.05) (clearance 0.05))
    (pad 34 smd rect (at -4.225 -6.8825 90) (size 0.38 1.7) (layers F.Cu F.Paste F.Mask)
      (solder_mask_margin 0.05) (clearance 0.05))
    (pad 33 smd rect (at -3.575 -6.8825 90) (size 0.38 1.7) (layers F.Cu F.Paste F.Mask)
      (net 119 "Net-(C13-Pad1)") (solder_mask_margin 0.05) (clearance 0.05))
    (pad 32 smd rect (at -2.925 -6.8825 90) (size 0.38 1.7) (layers F.Cu F.Paste F.Mask)
      (net 46 /M2_B-) (solder_mask_margin 0.05) (clearance 0.05))
    (pad 31 smd rect (at -2.275 -6.8825 90) (size 0.38 1.7) (layers F.Cu F.Paste F.Mask)
      (solder_mask_margin 0.05) (clearance 0.05))
    (pad 30 smd rect (at -1.625 -6.8825 90) (size 0.38 1.7) (layers F.Cu F.Paste F.Mask)
      (net 118 "Net-(C13-Pad2)") (solder_mask_margin 0.05) (clearance 0.05))
    (pad 29 smd rect (at -0.975 -6.8825 90) (size 0.38 1.7) (layers F.Cu F.Paste F.Mask)
      (net 3 "Net-(C3-Pad1)") (solder_mask_margin 0.05) (clearance 0.05))
    (pad 28 smd rect (at -0.325 -6.8825 90) (size 0.38 1.7) (layers F.Cu F.Paste F.Mask)
      (net 53 CRTL1) (solder_mask_margin 0.05) (clearance 0.05))
    (pad 27 smd rect (at 0.325 -6.8825 90) (size 0.38 1.7) (layers F.Cu F.Paste F.Mask)
      (net 52 HALF1) (solder_mask_margin 0.05) (clearance 0.05))
    (pad 26 smd rect (at 0.975 -6.8825 90) (size 0.38 1.7) (layers F.Cu F.Paste F.Mask)
      (net 122 "Net-(C30-Pad2)") (solder_mask_margin 0.05) (clearance 0.05))
    (pad 25 smd rect (at 1.625 -6.8825 90) (size 0.38 1.7) (layers F.Cu F.Paste F.Mask)
      (net 51 "Net-(IC1-Pad25)") (solder_mask_margin 0.05) (clearance 0.05))
    (pad 24 smd rect (at 2.275 -6.8825 90) (size 0.38 1.7) (layers F.Cu F.Paste F.Mask)
      (net 20 "Net-(C24-Pad1)") (solder_mask_margin 0.05) (clearance 0.05))
    (pad 23 smd rect (at 2.925 -6.8825 90) (size 0.38 1.7) (layers F.Cu F.Paste F.Mask)
      (solder_mask_margin 0.05) (clearance 0.05))
    (pad 22 smd rect (at 3.575 -6.8825 90) (size 0.38 1.7) (layers F.Cu F.Paste F.Mask)
      (net 41 /M2_B+) (solder_mask_margin 0.05) (clearance 0.05))
    (pad 21 smd rect (at 4.225 -6.8825 90) (size 0.38 1.7) (layers F.Cu F.Paste F.Mask)
      (solder_mask_margin 0.05) (clearance 0.05))
    (pad 20 smd rect (at 4.875 -6.8825 90) (size 0.38 1.7) (layers F.Cu F.Paste F.Mask)
      (solder_mask_margin 0.05) (clearance 0.05))
    (pad 19 smd rect (at 5.525 -6.8825 90) (size 0.38 1.7) (layers F.Cu F.Paste F.Mask)
      (net 1 GNDS) (solder_mask_margin 0.05) (clearance 0.05))
    (pad 18 smd rect (at 5.525 6.8825 90) (size 0.38 1.7) (layers F.Cu F.Paste F.Mask)
      (net 1 GNDS) (solder_mask_margin 0.05) (clearance 0.05))
    (pad 17 smd rect (at 4.875 6.8825 90) (size 0.38 1.7) (layers F.Cu F.Paste F.Mask)
      (solder_mask_margin 0.05) (clearance 0.05))
    (pad 16 smd rect (at 4.225 6.8825 90) (size 0.38 1.7) (layers F.Cu F.Paste F.Mask)
      (solder_mask_margin 0.05) (clearance 0.05))
    (pad 15 smd rect (at 3.575 6.8825 90) (size 0.38 1.7) (layers F.Cu F.Paste F.Mask)
      (net 39 /M2_A+) (solder_mask_margin 0.05) (clearance 0.05))
    (pad 14 smd rect (at 2.925 6.8825 90) (size 0.38 1.7) (layers F.Cu F.Paste F.Mask)
      (solder_mask_margin 0.05) (clearance 0.05))
    (pad 13 smd rect (at 2.275 6.8825 90) (size 0.38 1.7) (layers F.Cu F.Paste F.Mask)
      (net 19 "Net-(C23-Pad1)") (solder_mask_margin 0.05) (clearance 0.05))
    (pad 12 smd rect (at 1.625 6.8825 90) (size 0.38 1.7) (layers F.Cu F.Paste F.Mask)
      (net 50 "Net-(IC1-Pad12)") (solder_mask_margin 0.05) (clearance 0.05))
    (pad 11 smd rect (at 0.975 6.8825 90) (size 0.38 1.7) (layers F.Cu F.Paste F.Mask)
      (net 49 CW1) (solder_mask_margin 0.05) (clearance 0.05))
    (pad 10 smd rect (at 0.325 6.8825 90) (size 0.38 1.7) (layers F.Cu F.Paste F.Mask)
      (net 48 CLK1) (solder_mask_margin 0.05) (clearance 0.05))
    (pad 9 smd rect (at -0.325 6.8825 90) (size 0.38 1.7) (layers F.Cu F.Paste F.Mask)
      (net 121 "Net-(C28-Pad2)") (solder_mask_margin 0.05) (clearance 0.05))
    (pad 8 smd rect (at -0.975 6.8825 90) (size 0.38 1.7) (layers F.Cu F.Paste F.Mask)
      (net 6 RST1) (solder_mask_margin 0.05) (clearance 0.05))
    (pad 7 smd rect (at -1.625 6.8825 90) (size 0.38 1.7) (layers F.Cu F.Paste F.Mask)
      (net 47 "Net-(IC1-Pad7)") (solder_mask_margin 0.05) (clearance 0.05))
    (pad 6 smd rect (at -2.275 6.8825 90) (size 0.38 1.7) (layers F.Cu F.Paste F.Mask)
      (solder_mask_margin 0.05) (clearance 0.05))
    (pad 5 smd rect (at -2.925 6.8825 90) (size 0.38 1.7) (layers F.Cu F.Paste F.Mask)
      (net 43 /M2_A-) (solder_mask_margin 0.05) (clearance 0.05))
    (pad 4 smd rect (at -3.575 6.8825 90) (size 0.38 1.7) (layers F.Cu F.Paste F.Mask)
      (net 119 "Net-(C13-Pad1)") (solder_mask_margin 0.05) (clearance 0.05))
    (pad 3 smd rect (at -4.225 6.8825 90) (size 0.38 1.7) (layers F.Cu F.Paste F.Mask)
      (solder_mask_margin 0.05) (clearance 0.05))
    (pad 2 smd rect (at -4.875 6.8825 90) (size 0.38 1.7) (layers F.Cu F.Paste F.Mask)
      (solder_mask_margin 0.05) (clearance 0.05))
    (pad 1 smd rect (at -5.525 6.8825 90) (size 0.38 1.7) (layers F.Cu F.Paste F.Mask)
      (net 1 GNDS) (solder_mask_margin 0.05) (clearance 0.05))
    (pad 37 smd rect (at 0 0 90) (size 20 6.4) (layers F.Cu F.Paste F.Mask)
      (net 54 GNDD))
  )

  (module Capacitors_SMD:C_1206_HandSoldering (layer F.Cu) (tedit 58AA84D1) (tstamp 5C1F1E21)
    (at 155.755001 -11.299999)
    (descr "Capacitor SMD 1206, hand soldering")
    (tags "capacitor 1206")
    (path /5BEC1A82)
    (attr smd)
    (fp_text reference C1 (at 0 -1.75) (layer F.SilkS)
      (effects (font (size 1 1) (thickness 0.15)))
    )
    (fp_text value 100nF (at 0 2) (layer F.Fab)
      (effects (font (size 1 1) (thickness 0.15)))
    )
    (fp_line (start 3.25 1.05) (end -3.25 1.05) (layer F.CrtYd) (width 0.05))
    (fp_line (start 3.25 1.05) (end 3.25 -1.05) (layer F.CrtYd) (width 0.05))
    (fp_line (start -3.25 -1.05) (end -3.25 1.05) (layer F.CrtYd) (width 0.05))
    (fp_line (start -3.25 -1.05) (end 3.25 -1.05) (layer F.CrtYd) (width 0.05))
    (fp_line (start -1 1.02) (end 1 1.02) (layer F.SilkS) (width 0.12))
    (fp_line (start 1 -1.02) (end -1 -1.02) (layer F.SilkS) (width 0.12))
    (fp_line (start -1.6 -0.8) (end 1.6 -0.8) (layer F.Fab) (width 0.1))
    (fp_line (start 1.6 -0.8) (end 1.6 0.8) (layer F.Fab) (width 0.1))
    (fp_line (start 1.6 0.8) (end -1.6 0.8) (layer F.Fab) (width 0.1))
    (fp_line (start -1.6 0.8) (end -1.6 -0.8) (layer F.Fab) (width 0.1))
    (fp_text user %R (at 0 -1.75) (layer F.Fab)
      (effects (font (size 1 1) (thickness 0.15)))
    )
    (pad 2 smd rect (at 2 0) (size 2 1.6) (layers F.Cu F.Paste F.Mask)
      (net 2 +3V3))
    (pad 1 smd rect (at -2 0) (size 2 1.6) (layers F.Cu F.Paste F.Mask)
      (net 1 GNDS))
    (model Capacitors_SMD.3dshapes/C_1206.wrl
      (at (xyz 0 0 0))
      (scale (xyz 1 1 1))
      (rotate (xyz 0 0 0))
    )
  )

  (module Capacitors_SMD:C_1206_HandSoldering (layer F.Cu) (tedit 58AA84D1) (tstamp 5C1F2EB0)
    (at 176.685001 -29.409999)
    (descr "Capacitor SMD 1206, hand soldering")
    (tags "capacitor 1206")
    (path /5BEC1AC1)
    (attr smd)
    (fp_text reference C2 (at 0 -1.75) (layer F.SilkS)
      (effects (font (size 1 1) (thickness 0.15)))
    )
    (fp_text value 100nF (at 0 2) (layer F.Fab)
      (effects (font (size 1 1) (thickness 0.15)))
    )
    (fp_line (start 3.25 1.05) (end -3.25 1.05) (layer F.CrtYd) (width 0.05))
    (fp_line (start 3.25 1.05) (end 3.25 -1.05) (layer F.CrtYd) (width 0.05))
    (fp_line (start -3.25 -1.05) (end -3.25 1.05) (layer F.CrtYd) (width 0.05))
    (fp_line (start -3.25 -1.05) (end 3.25 -1.05) (layer F.CrtYd) (width 0.05))
    (fp_line (start -1 1.02) (end 1 1.02) (layer F.SilkS) (width 0.12))
    (fp_line (start 1 -1.02) (end -1 -1.02) (layer F.SilkS) (width 0.12))
    (fp_line (start -1.6 -0.8) (end 1.6 -0.8) (layer F.Fab) (width 0.1))
    (fp_line (start 1.6 -0.8) (end 1.6 0.8) (layer F.Fab) (width 0.1))
    (fp_line (start 1.6 0.8) (end -1.6 0.8) (layer F.Fab) (width 0.1))
    (fp_line (start -1.6 0.8) (end -1.6 -0.8) (layer F.Fab) (width 0.1))
    (fp_text user %R (at 0 -1.75) (layer F.Fab)
      (effects (font (size 1 1) (thickness 0.15)))
    )
    (pad 2 smd rect (at 2 0) (size 2 1.6) (layers F.Cu F.Paste F.Mask)
      (net 2 +3V3))
    (pad 1 smd rect (at -2 0) (size 2 1.6) (layers F.Cu F.Paste F.Mask)
      (net 1 GNDS))
    (model Capacitors_SMD.3dshapes/C_1206.wrl
      (at (xyz 0 0 0))
      (scale (xyz 1 1 1))
      (rotate (xyz 0 0 0))
    )
  )

  (module Capacitors_SMD:C_1206_HandSoldering (layer F.Cu) (tedit 58AA84D1) (tstamp 5C1F2E80)
    (at 186.055 93.472 180)
    (descr "Capacitor SMD 1206, hand soldering")
    (tags "capacitor 1206")
    (path /5C9FB3E9)
    (attr smd)
    (fp_text reference C3 (at 0 -1.75 180) (layer F.SilkS)
      (effects (font (size 1 1) (thickness 0.15)))
    )
    (fp_text value 5.6n (at 0 2 180) (layer F.Fab)
      (effects (font (size 1 1) (thickness 0.15)))
    )
    (fp_line (start 3.25 1.05) (end -3.25 1.05) (layer F.CrtYd) (width 0.05))
    (fp_line (start 3.25 1.05) (end 3.25 -1.05) (layer F.CrtYd) (width 0.05))
    (fp_line (start -3.25 -1.05) (end -3.25 1.05) (layer F.CrtYd) (width 0.05))
    (fp_line (start -3.25 -1.05) (end 3.25 -1.05) (layer F.CrtYd) (width 0.05))
    (fp_line (start -1 1.02) (end 1 1.02) (layer F.SilkS) (width 0.12))
    (fp_line (start 1 -1.02) (end -1 -1.02) (layer F.SilkS) (width 0.12))
    (fp_line (start -1.6 -0.8) (end 1.6 -0.8) (layer F.Fab) (width 0.1))
    (fp_line (start 1.6 -0.8) (end 1.6 0.8) (layer F.Fab) (width 0.1))
    (fp_line (start 1.6 0.8) (end -1.6 0.8) (layer F.Fab) (width 0.1))
    (fp_line (start -1.6 0.8) (end -1.6 -0.8) (layer F.Fab) (width 0.1))
    (fp_text user %R (at 0 -1.75 180) (layer F.Fab)
      (effects (font (size 1 1) (thickness 0.15)))
    )
    (pad 2 smd rect (at 2 0 180) (size 2 1.6) (layers F.Cu F.Paste F.Mask)
      (net 1 GNDS))
    (pad 1 smd rect (at -2 0 180) (size 2 1.6) (layers F.Cu F.Paste F.Mask)
      (net 3 "Net-(C3-Pad1)"))
    (model Capacitors_SMD.3dshapes/C_1206.wrl
      (at (xyz 0 0 0))
      (scale (xyz 1 1 1))
      (rotate (xyz 0 0 0))
    )
  )

  (module Capacitors_SMD:C_1206_HandSoldering (layer F.Cu) (tedit 58AA84D1) (tstamp 5C1F2E50)
    (at 183.235001 -25.689999)
    (descr "Capacitor SMD 1206, hand soldering")
    (tags "capacitor 1206")
    (path /5BEC1AF2)
    (attr smd)
    (fp_text reference C4 (at 0 -1.75) (layer F.SilkS)
      (effects (font (size 1 1) (thickness 0.15)))
    )
    (fp_text value 100nF (at 0 2) (layer F.Fab)
      (effects (font (size 1 1) (thickness 0.15)))
    )
    (fp_text user %R (at 0 -1.75) (layer F.Fab)
      (effects (font (size 1 1) (thickness 0.15)))
    )
    (fp_line (start -1.6 0.8) (end -1.6 -0.8) (layer F.Fab) (width 0.1))
    (fp_line (start 1.6 0.8) (end -1.6 0.8) (layer F.Fab) (width 0.1))
    (fp_line (start 1.6 -0.8) (end 1.6 0.8) (layer F.Fab) (width 0.1))
    (fp_line (start -1.6 -0.8) (end 1.6 -0.8) (layer F.Fab) (width 0.1))
    (fp_line (start 1 -1.02) (end -1 -1.02) (layer F.SilkS) (width 0.12))
    (fp_line (start -1 1.02) (end 1 1.02) (layer F.SilkS) (width 0.12))
    (fp_line (start -3.25 -1.05) (end 3.25 -1.05) (layer F.CrtYd) (width 0.05))
    (fp_line (start -3.25 -1.05) (end -3.25 1.05) (layer F.CrtYd) (width 0.05))
    (fp_line (start 3.25 1.05) (end 3.25 -1.05) (layer F.CrtYd) (width 0.05))
    (fp_line (start 3.25 1.05) (end -3.25 1.05) (layer F.CrtYd) (width 0.05))
    (pad 1 smd rect (at -2 0) (size 2 1.6) (layers F.Cu F.Paste F.Mask)
      (net 1 GNDS))
    (pad 2 smd rect (at 2 0) (size 2 1.6) (layers F.Cu F.Paste F.Mask)
      (net 2 +3V3))
    (model Capacitors_SMD.3dshapes/C_1206.wrl
      (at (xyz 0 0 0))
      (scale (xyz 1 1 1))
      (rotate (xyz 0 0 0))
    )
  )

  (module Capacitors_SMD:C_1206_HandSoldering (layer F.Cu) (tedit 58AA84D1) (tstamp 5C1F2E20)
    (at 177.205001 -20.499999)
    (descr "Capacitor SMD 1206, hand soldering")
    (tags "capacitor 1206")
    (path /5BEC29D6)
    (attr smd)
    (fp_text reference C5 (at 0 -1.75) (layer F.SilkS)
      (effects (font (size 1 1) (thickness 0.15)))
    )
    (fp_text value 100nF (at 0 2) (layer F.Fab)
      (effects (font (size 1 1) (thickness 0.15)))
    )
    (fp_line (start 3.25 1.05) (end -3.25 1.05) (layer F.CrtYd) (width 0.05))
    (fp_line (start 3.25 1.05) (end 3.25 -1.05) (layer F.CrtYd) (width 0.05))
    (fp_line (start -3.25 -1.05) (end -3.25 1.05) (layer F.CrtYd) (width 0.05))
    (fp_line (start -3.25 -1.05) (end 3.25 -1.05) (layer F.CrtYd) (width 0.05))
    (fp_line (start -1 1.02) (end 1 1.02) (layer F.SilkS) (width 0.12))
    (fp_line (start 1 -1.02) (end -1 -1.02) (layer F.SilkS) (width 0.12))
    (fp_line (start -1.6 -0.8) (end 1.6 -0.8) (layer F.Fab) (width 0.1))
    (fp_line (start 1.6 -0.8) (end 1.6 0.8) (layer F.Fab) (width 0.1))
    (fp_line (start 1.6 0.8) (end -1.6 0.8) (layer F.Fab) (width 0.1))
    (fp_line (start -1.6 0.8) (end -1.6 -0.8) (layer F.Fab) (width 0.1))
    (fp_text user %R (at 0 -1.75) (layer F.Fab)
      (effects (font (size 1 1) (thickness 0.15)))
    )
    (pad 2 smd rect (at 2 0) (size 2 1.6) (layers F.Cu F.Paste F.Mask)
      (net 2 +3V3))
    (pad 1 smd rect (at -2 0) (size 2 1.6) (layers F.Cu F.Paste F.Mask)
      (net 1 GNDS))
    (model Capacitors_SMD.3dshapes/C_1206.wrl
      (at (xyz 0 0 0))
      (scale (xyz 1 1 1))
      (rotate (xyz 0 0 0))
    )
  )

  (module Capacitors_SMD:C_1206_HandSoldering (layer F.Cu) (tedit 58AA84D1) (tstamp 5C1F2DF0)
    (at 208.285001 -52.209999)
    (descr "Capacitor SMD 1206, hand soldering")
    (tags "capacitor 1206")
    (path /5BEB3213)
    (attr smd)
    (fp_text reference C6 (at 0 -1.75) (layer F.SilkS)
      (effects (font (size 1 1) (thickness 0.15)))
    )
    (fp_text value 100nF (at 0 2) (layer F.Fab)
      (effects (font (size 1 1) (thickness 0.15)))
    )
    (fp_text user %R (at 0 -1.75) (layer F.Fab)
      (effects (font (size 1 1) (thickness 0.15)))
    )
    (fp_line (start -1.6 0.8) (end -1.6 -0.8) (layer F.Fab) (width 0.1))
    (fp_line (start 1.6 0.8) (end -1.6 0.8) (layer F.Fab) (width 0.1))
    (fp_line (start 1.6 -0.8) (end 1.6 0.8) (layer F.Fab) (width 0.1))
    (fp_line (start -1.6 -0.8) (end 1.6 -0.8) (layer F.Fab) (width 0.1))
    (fp_line (start 1 -1.02) (end -1 -1.02) (layer F.SilkS) (width 0.12))
    (fp_line (start -1 1.02) (end 1 1.02) (layer F.SilkS) (width 0.12))
    (fp_line (start -3.25 -1.05) (end 3.25 -1.05) (layer F.CrtYd) (width 0.05))
    (fp_line (start -3.25 -1.05) (end -3.25 1.05) (layer F.CrtYd) (width 0.05))
    (fp_line (start 3.25 1.05) (end 3.25 -1.05) (layer F.CrtYd) (width 0.05))
    (fp_line (start 3.25 1.05) (end -3.25 1.05) (layer F.CrtYd) (width 0.05))
    (pad 1 smd rect (at -2 0) (size 2 1.6) (layers F.Cu F.Paste F.Mask)
      (net 4 GNDA))
    (pad 2 smd rect (at 2 0) (size 2 1.6) (layers F.Cu F.Paste F.Mask)
      (net 5 VDDA))
    (model Capacitors_SMD.3dshapes/C_1206.wrl
      (at (xyz 0 0 0))
      (scale (xyz 1 1 1))
      (rotate (xyz 0 0 0))
    )
  )

  (module Capacitors_SMD:C_1206_HandSoldering (layer F.Cu) (tedit 58AA84D1) (tstamp 5C1F2D90)
    (at 223.7232 94.8944 270)
    (descr "Capacitor SMD 1206, hand soldering")
    (tags "capacitor 1206")
    (path /5C9FB41F)
    (attr smd)
    (fp_text reference C7 (at 0 -1.75 270) (layer F.SilkS)
      (effects (font (size 1 1) (thickness 0.15)))
    )
    (fp_text value 100nF (at 0 2 270) (layer F.Fab)
      (effects (font (size 1 1) (thickness 0.15)))
    )
    (fp_text user %R (at 0 -1.75 270) (layer F.Fab)
      (effects (font (size 1 1) (thickness 0.15)))
    )
    (fp_line (start -1.6 0.8) (end -1.6 -0.8) (layer F.Fab) (width 0.1))
    (fp_line (start 1.6 0.8) (end -1.6 0.8) (layer F.Fab) (width 0.1))
    (fp_line (start 1.6 -0.8) (end 1.6 0.8) (layer F.Fab) (width 0.1))
    (fp_line (start -1.6 -0.8) (end 1.6 -0.8) (layer F.Fab) (width 0.1))
    (fp_line (start 1 -1.02) (end -1 -1.02) (layer F.SilkS) (width 0.12))
    (fp_line (start -1 1.02) (end 1 1.02) (layer F.SilkS) (width 0.12))
    (fp_line (start -3.25 -1.05) (end 3.25 -1.05) (layer F.CrtYd) (width 0.05))
    (fp_line (start -3.25 -1.05) (end -3.25 1.05) (layer F.CrtYd) (width 0.05))
    (fp_line (start 3.25 1.05) (end 3.25 -1.05) (layer F.CrtYd) (width 0.05))
    (fp_line (start 3.25 1.05) (end -3.25 1.05) (layer F.CrtYd) (width 0.05))
    (pad 1 smd rect (at -2 0 270) (size 2 1.6) (layers F.Cu F.Paste F.Mask)
      (net 6 RST1))
    (pad 2 smd rect (at 2 0 270) (size 2 1.6) (layers F.Cu F.Paste F.Mask)
      (net 1 GNDS))
    (model Capacitors_SMD.3dshapes/C_1206.wrl
      (at (xyz 0 0 0))
      (scale (xyz 1 1 1))
      (rotate (xyz 0 0 0))
    )
  )

  (module Capacitors_SMD:C_1206_HandSoldering (layer F.Cu) (tedit 58AA84D1) (tstamp 5C1F2DC0)
    (at 193.635001 -38.059999)
    (descr "Capacitor SMD 1206, hand soldering")
    (tags "capacitor 1206")
    (path /5BEB0FB5)
    (attr smd)
    (fp_text reference C8 (at 0 -1.75) (layer F.SilkS)
      (effects (font (size 1 1) (thickness 0.15)))
    )
    (fp_text value 100nF (at 0 2) (layer F.Fab)
      (effects (font (size 1 1) (thickness 0.15)))
    )
    (fp_text user %R (at 0 -1.75) (layer F.Fab)
      (effects (font (size 1 1) (thickness 0.15)))
    )
    (fp_line (start -1.6 0.8) (end -1.6 -0.8) (layer F.Fab) (width 0.1))
    (fp_line (start 1.6 0.8) (end -1.6 0.8) (layer F.Fab) (width 0.1))
    (fp_line (start 1.6 -0.8) (end 1.6 0.8) (layer F.Fab) (width 0.1))
    (fp_line (start -1.6 -0.8) (end 1.6 -0.8) (layer F.Fab) (width 0.1))
    (fp_line (start 1 -1.02) (end -1 -1.02) (layer F.SilkS) (width 0.12))
    (fp_line (start -1 1.02) (end 1 1.02) (layer F.SilkS) (width 0.12))
    (fp_line (start -3.25 -1.05) (end 3.25 -1.05) (layer F.CrtYd) (width 0.05))
    (fp_line (start -3.25 -1.05) (end -3.25 1.05) (layer F.CrtYd) (width 0.05))
    (fp_line (start 3.25 1.05) (end 3.25 -1.05) (layer F.CrtYd) (width 0.05))
    (fp_line (start 3.25 1.05) (end -3.25 1.05) (layer F.CrtYd) (width 0.05))
    (pad 1 smd rect (at -2 0) (size 2 1.6) (layers F.Cu F.Paste F.Mask)
      (net 1 GNDS))
    (pad 2 smd rect (at 2 0) (size 2 1.6) (layers F.Cu F.Paste F.Mask)
      (net 117 "Net-(C8-Pad2)"))
    (model Capacitors_SMD.3dshapes/C_1206.wrl
      (at (xyz 0 0 0))
      (scale (xyz 1 1 1))
      (rotate (xyz 0 0 0))
    )
  )

  (module Capacitors_SMD:C_1206_HandSoldering (layer F.Cu) (tedit 58AA84D1) (tstamp 5C1F2D60)
    (at 197.135001 -44.379999)
    (descr "Capacitor SMD 1206, hand soldering")
    (tags "capacitor 1206")
    (path /5BEAEF6F)
    (attr smd)
    (fp_text reference C9 (at 0 -1.75) (layer F.SilkS)
      (effects (font (size 1 1) (thickness 0.15)))
    )
    (fp_text value 20pF (at 0 2) (layer F.Fab)
      (effects (font (size 1 1) (thickness 0.15)))
    )
    (fp_line (start 3.25 1.05) (end -3.25 1.05) (layer F.CrtYd) (width 0.05))
    (fp_line (start 3.25 1.05) (end 3.25 -1.05) (layer F.CrtYd) (width 0.05))
    (fp_line (start -3.25 -1.05) (end -3.25 1.05) (layer F.CrtYd) (width 0.05))
    (fp_line (start -3.25 -1.05) (end 3.25 -1.05) (layer F.CrtYd) (width 0.05))
    (fp_line (start -1 1.02) (end 1 1.02) (layer F.SilkS) (width 0.12))
    (fp_line (start 1 -1.02) (end -1 -1.02) (layer F.SilkS) (width 0.12))
    (fp_line (start -1.6 -0.8) (end 1.6 -0.8) (layer F.Fab) (width 0.1))
    (fp_line (start 1.6 -0.8) (end 1.6 0.8) (layer F.Fab) (width 0.1))
    (fp_line (start 1.6 0.8) (end -1.6 0.8) (layer F.Fab) (width 0.1))
    (fp_line (start -1.6 0.8) (end -1.6 -0.8) (layer F.Fab) (width 0.1))
    (fp_text user %R (at 0 -1.75) (layer F.Fab)
      (effects (font (size 1 1) (thickness 0.15)))
    )
    (pad 2 smd rect (at 2 0) (size 2 1.6) (layers F.Cu F.Paste F.Mask)
      (net 1 GNDS))
    (pad 1 smd rect (at -2 0) (size 2 1.6) (layers F.Cu F.Paste F.Mask)
      (net 8 "Net-(C9-Pad1)"))
    (model Capacitors_SMD.3dshapes/C_1206.wrl
      (at (xyz 0 0 0))
      (scale (xyz 1 1 1))
      (rotate (xyz 0 0 0))
    )
  )

  (module Capacitors_SMD:C_1206_HandSoldering (layer F.Cu) (tedit 58AA84D1) (tstamp 5C1F2D30)
    (at 187.085001 -33.539999)
    (descr "Capacitor SMD 1206, hand soldering")
    (tags "capacitor 1206")
    (path /5BEAF04C)
    (attr smd)
    (fp_text reference C10 (at 0 -1.75) (layer F.SilkS)
      (effects (font (size 1 1) (thickness 0.15)))
    )
    (fp_text value 20pF (at 0 2) (layer F.Fab)
      (effects (font (size 1 1) (thickness 0.15)))
    )
    (fp_text user %R (at 0 -1.75) (layer F.Fab)
      (effects (font (size 1 1) (thickness 0.15)))
    )
    (fp_line (start -1.6 0.8) (end -1.6 -0.8) (layer F.Fab) (width 0.1))
    (fp_line (start 1.6 0.8) (end -1.6 0.8) (layer F.Fab) (width 0.1))
    (fp_line (start 1.6 -0.8) (end 1.6 0.8) (layer F.Fab) (width 0.1))
    (fp_line (start -1.6 -0.8) (end 1.6 -0.8) (layer F.Fab) (width 0.1))
    (fp_line (start 1 -1.02) (end -1 -1.02) (layer F.SilkS) (width 0.12))
    (fp_line (start -1 1.02) (end 1 1.02) (layer F.SilkS) (width 0.12))
    (fp_line (start -3.25 -1.05) (end 3.25 -1.05) (layer F.CrtYd) (width 0.05))
    (fp_line (start -3.25 -1.05) (end -3.25 1.05) (layer F.CrtYd) (width 0.05))
    (fp_line (start 3.25 1.05) (end 3.25 -1.05) (layer F.CrtYd) (width 0.05))
    (fp_line (start 3.25 1.05) (end -3.25 1.05) (layer F.CrtYd) (width 0.05))
    (pad 1 smd rect (at -2 0) (size 2 1.6) (layers F.Cu F.Paste F.Mask)
      (net 1 GNDS))
    (pad 2 smd rect (at 2 0) (size 2 1.6) (layers F.Cu F.Paste F.Mask)
      (net 9 "Net-(C10-Pad2)"))
    (model Capacitors_SMD.3dshapes/C_1206.wrl
      (at (xyz 0 0 0))
      (scale (xyz 1 1 1))
      (rotate (xyz 0 0 0))
    )
  )

  (module Capacitors_SMD:C_1206_HandSoldering (layer F.Cu) (tedit 58AA84D1) (tstamp 5C1F2D00)
    (at 183.235001 -30.009999)
    (descr "Capacitor SMD 1206, hand soldering")
    (tags "capacitor 1206")
    (path /5C0D2947)
    (attr smd)
    (fp_text reference C11 (at 0 -1.75) (layer F.SilkS)
      (effects (font (size 1 1) (thickness 0.15)))
    )
    (fp_text value 2.2uF (at 0 2) (layer F.Fab)
      (effects (font (size 1 1) (thickness 0.15)))
    )
    (fp_line (start 3.25 1.05) (end -3.25 1.05) (layer F.CrtYd) (width 0.05))
    (fp_line (start 3.25 1.05) (end 3.25 -1.05) (layer F.CrtYd) (width 0.05))
    (fp_line (start -3.25 -1.05) (end -3.25 1.05) (layer F.CrtYd) (width 0.05))
    (fp_line (start -3.25 -1.05) (end 3.25 -1.05) (layer F.CrtYd) (width 0.05))
    (fp_line (start -1 1.02) (end 1 1.02) (layer F.SilkS) (width 0.12))
    (fp_line (start 1 -1.02) (end -1 -1.02) (layer F.SilkS) (width 0.12))
    (fp_line (start -1.6 -0.8) (end 1.6 -0.8) (layer F.Fab) (width 0.1))
    (fp_line (start 1.6 -0.8) (end 1.6 0.8) (layer F.Fab) (width 0.1))
    (fp_line (start 1.6 0.8) (end -1.6 0.8) (layer F.Fab) (width 0.1))
    (fp_line (start -1.6 0.8) (end -1.6 -0.8) (layer F.Fab) (width 0.1))
    (fp_text user %R (at 0 -1.75) (layer F.Fab)
      (effects (font (size 1 1) (thickness 0.15)))
    )
    (pad 2 smd rect (at 2 0) (size 2 1.6) (layers F.Cu F.Paste F.Mask)
      (net 1 GNDS))
    (pad 1 smd rect (at -2 0) (size 2 1.6) (layers F.Cu F.Paste F.Mask)
      (net 2 +3V3))
    (model Capacitors_SMD.3dshapes/C_1206.wrl
      (at (xyz 0 0 0))
      (scale (xyz 1 1 1))
      (rotate (xyz 0 0 0))
    )
  )

  (module Capacitors_SMD:C_1206_HandSoldering (layer F.Cu) (tedit 58AA84D1) (tstamp 5C1F2CD0)
    (at 191.515001 -40.219999)
    (descr "Capacitor SMD 1206, hand soldering")
    (tags "capacitor 1206")
    (path /5BEB237B)
    (attr smd)
    (fp_text reference C12 (at 0 -1.75) (layer F.SilkS)
      (effects (font (size 1 1) (thickness 0.15)))
    )
    (fp_text value 2.2uF (at 0 2) (layer F.Fab)
      (effects (font (size 1 1) (thickness 0.15)))
    )
    (fp_line (start 3.25 1.05) (end -3.25 1.05) (layer F.CrtYd) (width 0.05))
    (fp_line (start 3.25 1.05) (end 3.25 -1.05) (layer F.CrtYd) (width 0.05))
    (fp_line (start -3.25 -1.05) (end -3.25 1.05) (layer F.CrtYd) (width 0.05))
    (fp_line (start -3.25 -1.05) (end 3.25 -1.05) (layer F.CrtYd) (width 0.05))
    (fp_line (start -1 1.02) (end 1 1.02) (layer F.SilkS) (width 0.12))
    (fp_line (start 1 -1.02) (end -1 -1.02) (layer F.SilkS) (width 0.12))
    (fp_line (start -1.6 -0.8) (end 1.6 -0.8) (layer F.Fab) (width 0.1))
    (fp_line (start 1.6 -0.8) (end 1.6 0.8) (layer F.Fab) (width 0.1))
    (fp_line (start 1.6 0.8) (end -1.6 0.8) (layer F.Fab) (width 0.1))
    (fp_line (start -1.6 0.8) (end -1.6 -0.8) (layer F.Fab) (width 0.1))
    (fp_text user %R (at 0 -1.75) (layer F.Fab)
      (effects (font (size 1 1) (thickness 0.15)))
    )
    (pad 2 smd rect (at 2 0) (size 2 1.6) (layers F.Cu F.Paste F.Mask)
      (net 1 GNDS))
    (pad 1 smd rect (at -2 0) (size 2 1.6) (layers F.Cu F.Paste F.Mask)
      (net 10 "Net-(C12-Pad1)"))
    (model Capacitors_SMD.3dshapes/C_1206.wrl
      (at (xyz 0 0 0))
      (scale (xyz 1 1 1))
      (rotate (xyz 0 0 0))
    )
  )

  (module Capacitors_SMD:C_1206_HandSoldering (layer F.Cu) (tedit 58AA84D1) (tstamp 5C1F2CA0)
    (at 170.815 85.725 180)
    (descr "Capacitor SMD 1206, hand soldering")
    (tags "capacitor 1206")
    (path /5C9FB45B)
    (attr smd)
    (fp_text reference C13 (at 0 -1.75 180) (layer F.SilkS)
      (effects (font (size 1 1) (thickness 0.15)))
    )
    (fp_text value 220nF1 (at 0 2 180) (layer F.Fab)
      (effects (font (size 1 1) (thickness 0.15)))
    )
    (fp_line (start 3.25 1.05) (end -3.25 1.05) (layer F.CrtYd) (width 0.05))
    (fp_line (start 3.25 1.05) (end 3.25 -1.05) (layer F.CrtYd) (width 0.05))
    (fp_line (start -3.25 -1.05) (end -3.25 1.05) (layer F.CrtYd) (width 0.05))
    (fp_line (start -3.25 -1.05) (end 3.25 -1.05) (layer F.CrtYd) (width 0.05))
    (fp_line (start -1 1.02) (end 1 1.02) (layer F.SilkS) (width 0.12))
    (fp_line (start 1 -1.02) (end -1 -1.02) (layer F.SilkS) (width 0.12))
    (fp_line (start -1.6 -0.8) (end 1.6 -0.8) (layer F.Fab) (width 0.1))
    (fp_line (start 1.6 -0.8) (end 1.6 0.8) (layer F.Fab) (width 0.1))
    (fp_line (start 1.6 0.8) (end -1.6 0.8) (layer F.Fab) (width 0.1))
    (fp_line (start -1.6 0.8) (end -1.6 -0.8) (layer F.Fab) (width 0.1))
    (fp_text user %R (at 0 -1.75 180) (layer F.Fab)
      (effects (font (size 1 1) (thickness 0.15)))
    )
    (pad 2 smd rect (at 2 0 180) (size 2 1.6) (layers F.Cu F.Paste F.Mask)
      (net 118 "Net-(C13-Pad2)"))
    (pad 1 smd rect (at -2 0 180) (size 2 1.6) (layers F.Cu F.Paste F.Mask)
      (net 119 "Net-(C13-Pad1)"))
    (model Capacitors_SMD.3dshapes/C_1206.wrl
      (at (xyz 0 0 0))
      (scale (xyz 1 1 1))
      (rotate (xyz 0 0 0))
    )
  )

  (module Capacitors_SMD:C_1206_HandSoldering (layer F.Cu) (tedit 58AA84D1) (tstamp 5C1F2C70)
    (at 170.655001 -13.919999)
    (descr "Capacitor SMD 1206, hand soldering")
    (tags "capacitor 1206")
    (path /5C000960)
    (attr smd)
    (fp_text reference C14 (at 0 -1.75) (layer F.SilkS)
      (effects (font (size 1 1) (thickness 0.15)))
    )
    (fp_text value 100n (at 0 2) (layer F.Fab)
      (effects (font (size 1 1) (thickness 0.15)))
    )
    (fp_line (start 3.25 1.05) (end -3.25 1.05) (layer F.CrtYd) (width 0.05))
    (fp_line (start 3.25 1.05) (end 3.25 -1.05) (layer F.CrtYd) (width 0.05))
    (fp_line (start -3.25 -1.05) (end -3.25 1.05) (layer F.CrtYd) (width 0.05))
    (fp_line (start -3.25 -1.05) (end 3.25 -1.05) (layer F.CrtYd) (width 0.05))
    (fp_line (start -1 1.02) (end 1 1.02) (layer F.SilkS) (width 0.12))
    (fp_line (start 1 -1.02) (end -1 -1.02) (layer F.SilkS) (width 0.12))
    (fp_line (start -1.6 -0.8) (end 1.6 -0.8) (layer F.Fab) (width 0.1))
    (fp_line (start 1.6 -0.8) (end 1.6 0.8) (layer F.Fab) (width 0.1))
    (fp_line (start 1.6 0.8) (end -1.6 0.8) (layer F.Fab) (width 0.1))
    (fp_line (start -1.6 0.8) (end -1.6 -0.8) (layer F.Fab) (width 0.1))
    (fp_text user %R (at 0 -1.75) (layer F.Fab)
      (effects (font (size 1 1) (thickness 0.15)))
    )
    (pad 2 smd rect (at 2 0) (size 2 1.6) (layers F.Cu F.Paste F.Mask)
      (net 2 +3V3))
    (pad 1 smd rect (at -2 0) (size 2 1.6) (layers F.Cu F.Paste F.Mask)
      (net 12 "Net-(C14-Pad1)"))
    (model Capacitors_SMD.3dshapes/C_1206.wrl
      (at (xyz 0 0 0))
      (scale (xyz 1 1 1))
      (rotate (xyz 0 0 0))
    )
  )

  (module Capacitors_SMD:C_1206_HandSoldering (layer F.Cu) (tedit 58AA84D1) (tstamp 5C1F2C40)
    (at 184.965001 -40.219999)
    (descr "Capacitor SMD 1206, hand soldering")
    (tags "capacitor 1206")
    (path /5C8D1846)
    (attr smd)
    (fp_text reference C15 (at 0 -1.75) (layer F.SilkS)
      (effects (font (size 1 1) (thickness 0.15)))
    )
    (fp_text value 220nF1 (at 0 2) (layer F.Fab)
      (effects (font (size 1 1) (thickness 0.15)))
    )
    (fp_line (start 3.25 1.05) (end -3.25 1.05) (layer F.CrtYd) (width 0.05))
    (fp_line (start 3.25 1.05) (end 3.25 -1.05) (layer F.CrtYd) (width 0.05))
    (fp_line (start -3.25 -1.05) (end -3.25 1.05) (layer F.CrtYd) (width 0.05))
    (fp_line (start -3.25 -1.05) (end 3.25 -1.05) (layer F.CrtYd) (width 0.05))
    (fp_line (start -1 1.02) (end 1 1.02) (layer F.SilkS) (width 0.12))
    (fp_line (start 1 -1.02) (end -1 -1.02) (layer F.SilkS) (width 0.12))
    (fp_line (start -1.6 -0.8) (end 1.6 -0.8) (layer F.Fab) (width 0.1))
    (fp_line (start 1.6 -0.8) (end 1.6 0.8) (layer F.Fab) (width 0.1))
    (fp_line (start 1.6 0.8) (end -1.6 0.8) (layer F.Fab) (width 0.1))
    (fp_line (start -1.6 0.8) (end -1.6 -0.8) (layer F.Fab) (width 0.1))
    (fp_text user %R (at 0 -1.75) (layer F.Fab)
      (effects (font (size 1 1) (thickness 0.15)))
    )
    (pad 2 smd rect (at 2 0) (size 2 1.6) (layers F.Cu F.Paste F.Mask)
      (net 13 "Net-(C15-Pad2)"))
    (pad 1 smd rect (at -2 0) (size 2 1.6) (layers F.Cu F.Paste F.Mask)
      (net 120 "Net-(C15-Pad1)"))
    (model Capacitors_SMD.3dshapes/C_1206.wrl
      (at (xyz 0 0 0))
      (scale (xyz 1 1 1))
      (rotate (xyz 0 0 0))
    )
  )

  (module Capacitors_SMD:C_1206_HandSoldering (layer F.Cu) (tedit 58AA84D1) (tstamp 5C1F2C10)
    (at 170.815 97.155 270)
    (descr "Capacitor SMD 1206, hand soldering")
    (tags "capacitor 1206")
    (path /5C9FB362)
    (attr smd)
    (fp_text reference C17 (at 0 -1.75 270) (layer F.SilkS)
      (effects (font (size 1 1) (thickness 0.15)))
    )
    (fp_text value 10nF (at 0 2 270) (layer F.Fab)
